0.9996984023427792 -0.020501439815339088 0.01385340994225314 0.021024065123816625 0.9974609200503952 -0.06578997468471615 -0.011994644812348259 0.06584780707119772 0.9979411075010284 -0.1655074097973923 -0.9129585243650168 -1.2914911128240476 604.788
0.9969362702006188 0.05575850166113452 -0.04595663319454972 -0.05292413561122376 0.9971472068428026 0.05534769132769586 0.049259164642663104 -0.0531325420550911 0.9973773784330442 -0.5706607698330046 1.4892970094499347 -1.2759542808477295 673.455
0.9996406615829146 0.0023199522113003315 -0.01064279560680881 -0.0036984346516326094 0.9934890390065216 -0.11072630462970287 0.010179847081144508 0.11077017501655748 0.9937800420071652 -0.3761507751044135 1.8915771488920363 -4.947231935471624 539.508
0.9979885441895108 0.01919437401060621 -0.06789728093930965 -0.018698458304128442 0.9998829227453128 0.0042439286892735715 0.06827371526485147 -0.0033152285260335088 0.997784349198896 -0.000988589742512147 -0.444407649935183 -2.8627904372623743 556.31
0.9894162323434088 -0.14803050305465953 -0.0024298286743451 0.14685870209583174 0.9835059087059688 -0.10225852818197452 0.017909114604347968 0.1003661901478902 0.9949976479047024 4.56851774752856 -5.165508486404796 -4.996705427779917 414.965
0.9837944866244313 0.007349774923023547 0.1803219381763416 0.02702236291924971 0.9823652560263588 -0.18564803537677949 -0.17828701194309968 0.18729199495993848 0.96618783894224 -1.4359798542442164 0.6507595859502899 -0.6308897982211583 167.419
0.993214338808414 -0.011892090221387059 0.11478849740434205 0.020699243233787305 0.9964975344631122 -0.07871071775510195 -0.11427543998444264 0.08010448905157387 0.9903285712016472 0.3941233501156276 -1.5346996076749662 -0.5281030414977632 224.688
0.9608187077880724 -0.26885090312465504 0.06524285395262047 0.2767230137546147 0.9279137141073128 -0.2482207511017556 0.006025343568803031 0.256653961313396 0.9660887037903249 8.971578447181091 -7.005049715966767 -8.895165090722088 81.434
0.9994045973971664 -0.0044032067019104 -0.024317485905555256 0.0003517252560802926 0.9864064669923372 -0.1631425122661645 0.024219731405452985 0.16301654071194824 0.9866967179801828 2.4473289666418125 0.6248236516671852 -7.218156006492362 167.053
0.97631944409997 -0.08041940090975352 -0.20319625501583308 0.08070928261671598 0.9964306308517976 -0.008578371188347868 0.2033483694221263 -0.007860190687886294 0.9791350387870073 8.538696797940652 -3.644483152855649 -8.357280180820556 169.903
0.9736900114387697 -0.08651050830295716 -0.21164765833403493 0.07881394725336785 0.995409967114219 -0.04248913296101239 0.2145919978181699 0.024223235589188808 0.9762681518402028 9.088630981510347 -4.317646606406388 -9.26409626438462 -57.051
0.9378882705025005 -0.3383431216163473 0.07161421340130593 0.3452313439082706 0.9142058351278868 -0.21163170850343305 0.006564691077085365 0.2232772918307135 0.9745789421533706 12.134809499346588 -11.159779100509136 -8.914916002098412 -50.93899999999999
0.956833373267942 -0.29033573184078604 -0.00647489126882575 0.2888661674271402 0.9545766692119718 -0.07626313507222524 0.028658165807863387 0.07039316398872524 0.9973451260910132 11.092341338851593 -12.845770269122136 -5.246154298564309 -115.046
0.7748114745362941 -0.14321794011770395 -0.6157356216142412 0.29960827244733884 0.941396915521164 0.15730997089649232 0.5573745053742228 -0.3058810610402144 0.7718070909698331 27.27022801733809 -14.887072998382552 0.19300392080836914 -342.795
0.9755764198164641 -0.2004884984759643 -0.088096099724645 0.2002164723127064 0.9793661034314476 -0.010663564685889396 0.08875715717681464 -0.007154894376399452 0.9963587460744002 9.329843906684882 -11.232721287683553 -5.059234699598235 -154.52100000000004
0.9432157834916952 -0.3264835173112533 -0.061708349050350476 0.3051709486433961 0.9250514426329706 -0.22407338011285452 0.12990036954940065 0.1927300929752637 0.9731707067713902 14.830641098312617 -9.23795567864565 -13.22012961513412 -221.889
0.9838636352267628 -0.17224019425118214 -0.05026166332383551 0.16947387725419874 0.9838786046149312 -0.056375180232292335 0.059365788373577325 0.047007866777769115 0.9975553753840362 6.8453677134728075 -7.630552846069139 -8.109396489930182 -214.774
0.9049579092687682 0.17672186009230895 -0.38642626796990337 -0.11803782078208425 0.9785624627471278 0.17136896847149888 0.4075626760004639 -0.10911752609499688 0.9062762231697488 12.637606411076188 3.3909662798447933 -10.489530676365606 -244.352
0.4949288795286736 0.6514352638589911 -0.5744093514352709 -0.006418363428891678 0.6640411406703546 0.7475736049847033 0.8687535451914494 -0.3659037076775187 0.33295649243795605 16.026660494272456 1.2557675377103408 -5.409502948835932 -445.69800000000004
0.9686038174044364 -0.2071279476895271 -0.1408249713512181 0.2137868985851433 0.9762999554458992 0.034254052564844116 0.13096725705074316 -0.06336397913046639 0.9893132912486976 9.495582648293702 -10.260115607983998 -3.686701132391109 291.777
0.7923122582945896 0.27554757173412103 -0.5444000846612262 -0.2550683561406383 0.9606227961925968 0.11412404979721535 0.554243194816718 0.048818971307162506 0.8307552204572569 18.10854638693434 8.97502515688878 -13.534900377737575 -219.40200000000002
0.9511683628849996 -0.3055178434257663 -0.03667179835957285 0.3035914047837785 0.9513948201292584 -0.0544415135485186 0.05113717002126502 0.040771004795872784 0.998145161680174 10.477622027651677 -13.011036046309163 -5.657173373397724 98.564
0.8767273267150065 -0.3062004910052597 0.3709095252674429 0.4259938535266348 0.8529086983897263 -0.3030708888226989 -0.22353946543389566 0.42374780762315306 0.8774032745608872 8.448549215429987 -13.32981579005856 -4.291573341503518 -360.171
-0.8822592460124763 -0.1719536528788962 0.4379478290540095 0.27146861607531403 -0.9467442058919656 0.17405152158454176 0.3844507637591621 0.2723422110276261 0.8817272029271948 41.633094406164304 38.62267707726815 -18.509157200288875 -313.382
0.9891818516455108 0.12293182391697285 0.07631901576312275 -0.11485852893815328 0.9875459950309452 -0.10394665891042752 -0.08775998046071203 0.0949524650698944 0.9919809333919182 -3.0168382615021656 2.412573623245379 -4.43194351284613 -280.07599999999996
0.9455645859752188 -0.3241951692185252 -0.004026628330253278 0.3236688117525917 0.9445792841264644 -0.05926053920846777 0.02255048690120244 0.054798701177944616 0.9986897090435192 10.41491649681614 -13.63435513232284 -4.849439897000004 102.973
0.6892521622412713 -0.06786862343154178 -0.7216651055789604 0.2631760835135363 0.95152089144522 0.16142103368046468 0.6750994270003853 -0.3007519432010366 0.6730820207142671 28.738230667225857 -14.359450295178425 -2.6593496074996743 -262.892
0.8081601474416913 0.09092198661693328 -0.5826119214935478 0.1807241572672725 0.9026852274326168 0.39043042127780936 0.5612316206697587 -0.4209160053897269 0.7129451220347831 18.402583261390603 -13.72619501008957 3.996854839394512 -482.796
0.9238186933895072 -0.3692227703291748 -0.10345262311363597 0.3490841139048516 0.9208979277276472 -0.1708084294735609 0.15856533566092998 0.12151819403283642 0.9803077342233728 16.560310184682447 -13.002232651448882 -12.135273761883926 -251.832
0.9766979635274338 -0.21118388642201397 0.03310752828503944 0.21073874846273172 0.9269062031432967 -0.3098014807864492 0.033792962648551084 0.3096653405606737 0.9503624946472542 9.267063492128226 -4.96123469135166 -11.527111381417651 -404.944
0.9276678976388892 -0.36884697876666905 0.06006320356738589 0.36652507336033374 0.8683563828362384 -0.3337121345317213 0.0708637141756062 0.3312749897785787 0.9407755199486508 14.207510807665415 -9.23359489190267 -15.190320028350554 -351.314
0.966637681231446 -0.2516673090193115 -0.043232330040437576 0.2449524060632197 0.9613192341855642 -0.1253722061439928 0.07304479325265242 0.1106175641849964 0.9912818952152368 8.676956837569492 -10.620060890270892 -9.398642215232334 -270.032
0.8890473145935588 -0.07878454501057677 -0.45126637272773296 0.2386309853735643 0.9199041516194184 0.30950765877235403 0.3899768625153533 -0.382864834354878 0.8367596476037551 16.778765418293663 -15.943982978367126 5.3829309074539395 -177.655
0.9880066652463899 -0.15674404483927726 -0.0048913406086346116 0.14621935648835208 0.9327885486237566 -0.3295291938422453 0.05604483815287957 0.32474844342075565 0.9438869460828408 5.099960051781063 -1.521553960522695 -14.666442616071631 -212.40200000000002
-0.7925012361631099 0.5948708916442509 0.1357529164831612 0.053580400961407884 -0.15396018248821244 0.9867017040439172 0.6073800111960174 0.7889186125987033 0.09008137095614273 21.56744964579529 1.9947686840953285 -12.083515753257409 -725.7869999999997
0.7238260585708861 -0.4268634310025637 0.5407477632892109 0.599806242652156 0.7778286480069758 -0.18951819347468685 -0.3396794368052037 0.4616189594044163 0.8197018001636254 12.235615388800134 -22.51072067780272 -1.031394911465755 -588.435
-0.8371790031715802 0.38600334591347024 0.3877491446229172 0.2873729732105912 -0.2940355442460417 0.911274802256394 0.4654255101063618 0.8746537618250152 0.135282421861201 26.575133734934678 -0.0871129772237893 -10.803057836017079 -473.616
0.9601045720165868 -0.20346193076521 -0.19119162798463704 0.203811521546713 0.9790749708165396 -0.01591591721263377 0.18991230514659602 -0.023583917021566137 0.9816883817725652 12.771767842414167 -8.353891744407186 -7.1008760730623575 47.761
0.9607532715565346 -0.2631765524075753 -0.08951753135052208 0.2700243388597945 0.9603857081139492 0.07083037713864064 0.06753682794028837 -0.092623722113718 0.993793083976212 12.540283234706012 -16.03964447553761 -0.7611325809143459 -250.331
-0.7611121455975999 0.5704242336425492 0.3095068378791725 -0.14499716359397755 -0.6134286491617579 0.77580438794074 0.6327913871970592 0.5455223701404229 0.5489809499043994 22.59246995087732 21.987474670546497 -16.937478093170814 -346.202
-0.7339339327000342 0.6041513122377012 0.3118777448798701 -0.2846627581244264 -0.6897518383471668 0.6664653779147873 0.6167200854073426 0.3999185050770404 0.6777258943173666 20.20389857919416 29.067573014282214 -15.925807581439006 -365.278
0.6629497730770606 -0.1432987968462308 -0.7344597258879699 0.056178897235432484 0.9881775260856246 -0.14171033138361086 0.7467086367095526 0.05256790749705429 0.6629367101289976 33.377381631717824 -5.482139011370137 -12.22413528559322 -345.77
0.9106458907592048 -0.2048554423147242 -0.3600694963015241 0.1941979585633698 0.9784308833078414 -0.06694648450452287 0.36565090446655374 -0.009826739065074808 0.9302593435082817 24.009078816950165 -11.346937379094513 -3.0695951259779406 -586.27
0.8017626591708106 -0.33218362858170764 0.4966819435991418 0.4422588896324544 0.888219479299725 -0.12063153046948205 -0.40126043486657575 0.31688969140701795 0.8600668427773838 6.310893759774686 -20.154303374949784 4.088442735587926 -362.971
-0.7570576694553341 0.6423944480782114 0.12196235371675886 0.030402405788739317 -0.15138489277778286 0.9884959036303084 0.6529496681249964 0.7510723883982038 0.09478078508489564 19.434489932950765 2.794389772721278 -11.790011348580606 -739.962
0.8608299912609407 -0.06936787811528744 -0.5042385157279176 0.21999923587198347 0.9440123569240184 0.2456765702459354 0.4588177463592205 -0.3225579916346502 0.8280742657329376 19.935583409466 -13.299376802667446 -0.6617320694221824 -304.39
-0.967468329614833 -0.1416304720933371 0.2100695260011103 0.2343384152503661 -0.8136440319876553 0.5314159634728116 0.0953633301478178 0.5633449900823477 0.8204199304867558 45.465977723118975 35.63635774050451 -17.70214014358037 -459.79699999999997
0.5368572916588304 0.7574485547951829 -0.3717189485073651 -0.12626957394302735 0.5076040640141515 0.8525166123123656 0.8343550598965755 -0.4116413391898278 0.3677411250744369 9.309418700408235 3.694124625259304 -4.570412714331977 -303.57099999999997
0.7151652937042279 0.460673999778647 -0.5253061704185319 -0.38469130166414905 0.8876496983717432 0.2528302620291834 0.5827626254888829 0.021255877627355 0.8123711466660108 10.03911194123584 4.325102805554431 -11.188488027227333 -99.37200000000001
-0.8878391924898696 0.15387241010554814 0.4339726642340653 -0.04845508991401363 -0.9683331026952 0.2448040448738394 0.4571956627086838 0.1964399341052361 0.8669862402445899 30.23147559594996 40.5797162938035 -14.542168888129744 -239.502
0.9762516536155788 -0.21419369894512252 -0.0360594366508983 0.2126136355801028 0.9760632616158742 -0.0472480520452193 0.04590140643039418 0.03871174871439535 0.9981685826751828 10.516114313991524 -11.016169164657278 -3.9453028748688936 -401.57099999999997
0.5780368724786149 -0.3691317387543822 0.7272293320697572 0.6894765761970886 0.6979062601881146 -0.19372575456955726 -0.4371637481485023 0.6135786667972891 0.6578821656762969 15.692882779614367 -22.392022575859595 -0.6832574396160318 -578.83
0.5133285188259709 0.4420020127884094 -0.7359560592171931 -0.12356128046485992 0.8858064180897147 0.4461059983842984 0.8489929442332641 -0.1382800506594872 0.5097610983889157 27.227599871928344 5.141796377182619 -12.465161380742234 -424.996
0.9646612857580714 -0.25068917920681183 -0.08216351372376082 0.217440036337134 0.93136356589837 -0.2916496534680442 0.14883870909798974 0.2625152164736175 0.9526241201761416 12.013397975732179 -3.485146691671325 -16.121584312917722 -343.06699999999995
-0.7444932283185391 0.4812400173274531 0.4631200730802351 -0.1984752510319956 -0.8205789746741629 0.5348379839322434 0.6381153098950064 0.3064423309316449 0.7062844170058041 22.119104904909445 32.66355488568374 -16.21455742295454 -81.866
-0.8523422250184868 0.1692047201481197 0.4945898776359061 0.1221933647791878 -0.8557151459144294 0.502923422548609 0.508337686577573 0.4892332079282533 0.7082325984053561 28.136717704812625 32.313913230596555 -20.668604145775284 -515.913
-0.6601134122696312 0.3231313279816869 0.6781825064539581 0.30341596058996123 -0.7106537983485915 0.6344357756778247 0.6860963746365412 0.6248800496476368 0.3716473924479944 22.17972933250887 9.884403557859264 -12.760085123263126 -598.435
0.1339770060382656 -0.1486028921535072 0.9797600442747318 0.5351780925138382 0.8429783526348343 0.054990248095325135 -0.8339147783858541 0.516540159075891 0.1926628746999812 5.930554289778067 -29.10067194644791 24.65128767444016 -412.36300000000006
0.7652378800148437 0.5462426723380709 -0.3398967964464876 -0.40409147890456704 0.8196750416776656 0.4074150576429651 0.5008297954489332 -0.17383162932639734 0.8477989454123488 8.205062916235251 8.4104098516723 -6.202907751736017 -509.548
-0.8103405916526971 0.5813718322474252 0.06980509987596997 -0.1567205269037432 -0.32916287067266103 0.9309006708992584 0.5647132522028943 0.7433267173676578 0.3584604890238852 24.67480779590357 15.197090061443374 -19.899500089331802 -530.337
0.5921303429807915 0.037544475805213695 -0.8043641150130262 0.20573528956267031 0.9591941198350544 0.19549384929823724 0.7790344641943429 -0.2810916987671864 0.5608395369514005 31.773500625512533 -11.783387133876815 -5.094387042547616 -264.466
0.6734984051545813 -0.20205606352087133 -0.7103806628614383 0.21132341378168493 0.9738873138713546 -0.07656629267352306 0.7080932518099486 -0.09891464585212376 0.6998663560657256 33.394541683654715 -10.39601506998796 -9.514961206870314 -183.063
-0.96564644573044 -0.20632097965824106 0.15761712145817885 0.2309161329849648 -0.4047891760278332 0.8844186001296628 -0.11847659708833275 0.8905133435767759 0.43898965969714654 46.87061687464125 23.53426914238684 -17.047174714473314 -658.118
0.07059820778129325 0.6078759498440166 -0.7907874734899858 -0.2338698343516835 0.7808646062451388 0.579761144289328 0.96942944427679 0.1442796206870249 0.19682789670293108 36.53533799394958 11.174531814925272 -15.909351944801585 -352.593
0.916810621583879 0.3157657419856019 0.2447935138421969 -0.17762561423345175 0.8718451400995169 -0.4558048713173602 -0.3570905691606244 0.374143905583076 0.8553538398744954 -10.960474064692777 10.33545298782063 -1.9415799563154224 -315.122
-0.9201707811611578 -0.29216808490384993 0.2601974643633451 0.3916576731678689 -0.6631452720038027 0.6380594012478759 -0.01351760695438239 0.6890864322515524 0.7248294986655522 45.38536161261602 30.589565494126404 -17.03061523364951 -586.446
0.988080330349 -0.15344764218939444 -0.004575776865880239 -0.1495786727491306 -0.9605450630627428 -0.2357572748202735 0.0318689305565691 0.23361619738846656 -0.9720014905269708 5.4495959233677445 61.412169400183174 45.054772867144095 -292.3540000000001
0.9596390754813072 -0.1995149922510397 -0.19615869316106105 0.19450633015339397 0.9798376233357236 -0.04836651110439353 0.20173399049688515 0.009066177263488323 0.9795569311231856 13.364304774835727 -10.07354548895992 -10.894676784818671 -421.806
-0.8646163207102162 0.2625666205984447 0.4271442798809086 -0.13881643194452525 -0.9443084291105648 0.2986678253985792 0.4824770974669209 0.19929212858251127 0.8533227811230749 28.896048499572736 40.64626551679043 -14.333486876211506 -22.963
-0.6752665094307772 -0.7348267626480891 0.052775829374209285 0.4844207955605858 -0.3888263220225375 0.7832583563492819 -0.5557558649563193 0.5547921629611586 0.619557493534376 67.23555326477697 15.45371717679388 2.498879264828889 -543.03
0.9804306620707094 -0.1345777295921863 -0.1429616705015026 0.14851014289395414 0.9852956032414644 0.08766419785817901 0.12981753698304802 -0.10692149331237162 0.9858742383290414 15.744671411802099 -12.834432792781772 4.424639638822544 -346.07199999999995
-0.9719443523206078 -0.14466771921097016 0.18451114787340972 0.22287114186438706 -0.8159647075908327 0.5333105266523658 0.073469080774299 0.5593222486296079 0.8252671760896311 45.6374426889917 35.796899147068345 -17.262492995801423 -506.20099999999996
-0.24176772595648155 0.8300668760219285 0.5031754306092686 0.17719112297667272 -0.4716990640501603 0.8639184679920066 0.9532093696730928 0.29801326087495683 -0.03333177962724968 -7.614475446070845 7.1639827217114105 -8.35749496833326 -562.3530000000002
-0.3755563086906697 0.7901448090177137 0.4847941951352882 0.1607597765936911 -0.4601540291344727 0.8734372661028127 0.9129485447899603 0.4055871104722679 0.04603460020985112 0.06680751522695337 5.990944269058918 -11.824695949772387 -541.789
0.8286597558613592 -0.0950343052084576 -0.5518384969037708 0.3951058230541651 0.7975767725707252 0.455418066666162 0.396893345312365 -0.595628333583115 0.6985273000123168 20.78841839761542 -20.84746881743482 12.737930473399626 -216.578
-0.8598122147472022 0.007284871854903603 0.5096183738696548 0.17947130372483613 -0.9321463288019236 0.31573041065672697 0.477650003959625 0.3627295937709019 0.7998826758813596 33.49532849212177 36.77224359981968 -22.35564701654872 -318.82
0.9674351432744772 -0.10504063285481344 -0.2304766273516539 0.1275474897055745 0.9877835432053864 0.08686726856858372 0.2185745277846361 -0.11347406401012855 0.9693108031721088 11.754325970240565 -7.183425829093497 -5.698817330139091 -124.811
-0.9253540442440374 0.3450732918037753 0.15721458348432946 0.12951995069922714 -0.10387190281365297 0.9861093365847976 0.3568282882811529 0.9328808628924332 0.05064924119078276 34.07610905279843 -1.3599767124771418 -11.308038014230485 -343.184
-0.6735103003589535 0.6217746631803555 0.3999358626244339 -0.28943869811123185 -0.7196192473162532 0.6314225938325676 0.6807007706092221 0.3089272276451567 0.6643709544833407 17.21788251168448 31.13175952159496 -18.092005706014465 -171.59400000000005
-0.9623347995662808 -0.1252661234575231 0.2424823865976604 0.23129820251226385 -0.8457716665678174 0.481332548462929 0.14508759734406296 0.5185363525793637 0.8424918228291873 42.38408620108555 37.09161821313703 -17.645566573724803 -578.689
0.8626036986082934 -0.4797350731042452 0.15772523191660867 0.5044888419257729 0.8122983920085645 -0.29096339979211044 0.011446534040265084 0.3306603135568636 0.9434999918329948 18.292694164482672 -14.025846349957952 -11.866539713397168 -374.65
0.7971127723276671 -0.10176402099382276 -0.5938805038713423 0.14630366970289507 0.9889349728396354 0.026485138668940058 0.5847791572444172 -0.10761654200188504 0.8031573131340342 25.00420417911471 -10.080661974193287 -8.671533307959624 -380.80699999999996
-0.8912297152143306 -0.1443160414027375 0.4304774337140242 0.3755965576474749 -0.764626503842699 0.5230060229892871 0.25381962253031176 0.6282702905056745 0.7355752379491077 40.769662106640865 19.56592579115456 -16.904603649654604 -343.227
-0.5096631395580772 0.08727003150586066 0.8556667738627913 0.6417900475944931 -0.6246316829402079 0.4453590701974664 0.5734572674362679 0.7767802515263211 0.2623568089759413 21.550280185186423 -1.7332784690285123 -8.133394894429491 -663.2739999999999
-0.884313717992306 0.4445850126136681 0.14406955298961496 0.12848424566883665 -0.06347057631797601 0.9894150013609652 0.4482114152042596 0.8934443085743491 -0.0006426714982497754 29.909237539766327 -4.2457269961431585 -12.214829701848734 -496.31800000000004
-0.8271435096715974 0.5445496793148015 0.14248543092191554 -0.2647022342368861 -0.5993529935362736 0.7558352929832534 0.496668131383632 0.5872003788855332 0.6394305057282608 25.94126454468441 28.105152112840127 -21.48171446727665 -261.858
-0.559584826852679 0.7519276959422264 0.34870735226968363 -0.2799723174423116 -0.5670741308021661 0.7743961315789875 0.7805926656528189 0.3365027978258497 0.5276843417472115 14.029594126973295 23.603231816380788 -15.440532431186078 -233.232
-0.8799347548185082 -0.4253346127945427 -0.2126191494273336 -0.1673027546112005 0.6955415362419465 -0.698289325050316 0.444640683932442 -0.5790883654836091 -0.6836581726669316 69.66399310160617 20.20558819846086 52.316918905769825 -405.13
0.8815097202980386 -0.4269170046174081 0.19854979771633371 0.4565960059935624 0.8786505964894635 -0.13809377660078695 -0.11580871989565705 0.2124464030356852 0.9703667624729696 11.244735910606565 -18.12934595096034 -8.84283246550634 -428.94699999999995
0.7653387730722191 0.18812403208267733 -0.615766538947595 -0.2206851586094373 0.9755243032062222 0.022269274887139826 0.6047132871362709 0.11886899794809636 0.7880634214357175 18.039659333572928 1.2120216023760868 -14.571367381715074 -178.924
0.8189998322314809 0.07056190646405057 -0.5692083101933514 -0.03868270274256645 0.996588395953902 0.0673873562649374 0.5724795781370533 -0.03356989555556473 0.8193531279432495 16.586830038454462 -8.104741120395769 -9.5218235390623 -205.457
-0.4019693119306029 0.9082283279923192 -0.11330013252888768 -0.5816419135805178 -0.15696322120054906 0.7984151923133734 0.7077959881628781 0.386717714605325 0.5910767437974203 1.4236522651008894 28.771313147390238 -20.380759177516712 -386.371
0.9509900716244808 0.307468705837057 0.028508019370346176 -0.2595611112891873 0.8470704923874762 -0.464046584735236 -0.16725805843921832 0.4329862071145849 0.8857433236542767 -8.192951125395545 11.012655789597735 -7.593034482904196 -256.466
0.7090692826851785 -0.10091095749131472 -0.6976617722492925 0.08389920522945654 0.9949665877876516 -0.05923545645301787 0.6996341690111519 -0.016463551378583685 0.7140758620955012 28.295788423782877 -9.97784950243896 -12.3396954575989 -243.637
0.9535764507726956 -0.2693121582908238 -0.13135932932254538 0.2805347513811524 0.9566319424742292 0.08021533571179765 0.104137107939377 -0.11280254992974345 0.9884350094113072 14.339116545022641 -16.899184485224467 -1.7732192243119318 -363.961
-0.34446554609318314 0.8301696720936683 0.4373523374244934 0.2049554182038072 -0.38817851061023984 0.8984685324565641 0.9159924092197986 0.3988605184067333 -0.037066774645735635 -1.1410857665368859 2.0659556053463497 -8.412535099542978 -571.3480000000002
0.8879500822380102 -0.3501748970538069 0.2990133301159568 -0.30310839439044657 -0.9332923983086464 -0.19185584358775115 0.3468393304204451 0.07994622302571389 -0.9348835421740116 5.471927176387432 66.66530349531037 37.97289630981887 -317.752
-0.4306888868019773 0.7064006323387987 0.5612987325923169 0.23747797695514256 -0.5113224955567701 0.8261980374231366 0.8710100976403129 0.4896641073388238 0.05237129897769637 4.258686852712707 4.602851993575613 -12.2706765434226 -513.974
-0.2328364989080972 0.8495179569164147 0.4734500867457458 0.09557838846780728 -0.4640890710283628 0.8804653094388549 0.9672543975318344 0.2505064642821675 0.02694081487395528 -8.024538716108276 10.184740188677104 -9.445559980475245 -597.045
0.8668306382424751 -0.2915703399095971 0.4037174191037433 0.42200956909352016 0.8608665489568956 -0.2844523829289786 -0.2639470621428871 0.4170297007348017 0.8695529624002841 6.6246334994800975 -15.605655629581795 -2.195526661180782 -538.41
0.9641597536770296 -0.2665076291408982 0.009792267798227387 -0.26394704492808946 -0.9567068996206892 -0.12189371559006468 0.04154144595295421 0.1153241638766356 -0.9926188582614944 10.175018283723206 62.953265314380396 47.30183752162966 -310.8
-0.8357957835853702 0.3557772586617807 0.4188297573987395 -0.07529706656212598 -0.8283975727041101 0.5545049962039129 0.5444541543115998 0.4314630093417148 0.718509535489925 24.404852409065853 32.89230232858593 -21.663675523138398 -259.366
-0.9871386819057028 0.15655184563956318 -0.039905716480559184 -0.01967030259376681 0.12580898353099848 0.9917078489075548 0.16044494438387386 0.9797219553937534 -0.12158662475579192 40.62653035874477 -3.9978339514553625 -4.891845506145 -566.066
-0.7986514974729829 -0.5323333790779465 -0.2797763982933837 -0.3810707640946053 0.8076552571711847 -0.4487695133534079 0.4651368545777557 -0.2524705429453546 -0.8482908933382668 71.65485617901616 19.552066383235818 46.398068746485 -196.817
0.9735786271610212 -0.11915195928878693 -0.1943910753503701 0.18345281378509445 0.9169857849509054 0.3549034264856044 0.13675174330626172 -0.3814983335314843 0.913981538409562 9.573855526629814 -17.075882623370305 7.181512282631156 -50.644
0.42759004768757136 0.8098769501163446 -0.4023361269147495 -0.12263681710760475 0.4927817910522153 0.8610027443184461 0.8956278895490558 -0.31881093090336143 0.3103410758176485 15.15903325712809 5.653627421822723 -6.462151303645692 -567.528
0.6824574926851967 0.07693879355305105 -0.7262906564954258 -0.04749216794896408 0.9976385876682592 0.06057011872847355 0.7284807688240547 -0.006764686227907177 0.6847270161032339 26.72337300558712 -6.208762179616723 -11.258821408099351 -388.459
0.9837479609406644 -0.1589943998113835 -0.08505629468082461 0.13922440723682267 0.9698092842549396 -0.20162508140635613 0.11411751192252845 0.186631163824697 0.9754045326023856 16.1381354457666 -11.157306533606796 -0.7365612005498399 -766.7860000000003
-0.08342584192881762 -0.8877100375155499 -0.4528533737476258 0.460184331258408 -0.4379367411511656 0.7727075336839684 -0.8845153036580098 -0.1440501942075285 0.4449122594666733 77.84700909912081 24.19545576250778 40.929293571249424 -630.2959999999998
0.5663309563637761 0.7110213581103534 -0.4162822502242781 -0.060273932273401276 0.5393817877333964 0.8392888008493837 0.8215199809171627 -0.4506145295068422 0.3482974016455399 9.391101958012475 1.5069148140343565 -4.601882670944175 -399.764
-0.6466403497162362 0.4712814465801634 0.6000447601936968 -0.1608420877420327 -0.8526079547633003 0.4973016938045592 0.7457312399633065 0.2260128369110508 0.6270350715157116 12.5376150156548 33.700461554854165 -17.79475657757985 -234.36900000000003
-0.7794001760601971 0.3958874341747671 -0.4864081742552977 0.604777442602657 0.6781571154071394 -0.4168913024793688 0.16505714394816026 -0.6185136277365032 -0.7679761963968043 44.45077017475201 -11.855565159898296 64.75069664780648 -390.256
0.6551202895918463 -0.4766417092442245 -0.5858232433165443 0.19194741338844049 0.854887348935708 -0.4809813859824816 0.730851943126242 0.20239082652116705 0.6515261489718843 41.01904847349071 -4.561718679223398 -20.261080436468397 -345.829
0.8448179962675466 -0.3602340055548042 0.3957929370001516 -0.10226851064790353 -0.8345597840308284 -0.5413003142776364 0.5252176596049768 0.4167584447882547 -0.7419507143693419 7.061530953092247 68.21275124050902 12.101248315798529 -185.292
0.6835272555339501 -0.3920293892009464 -0.6152212002021541 0.010670586843623674 0.8485463488366827 -0.5284889959507159 0.7297560602170755 0.3548468526537425 0.5845449008556278 38.950180568080135 3.8376336008369734 -20.66079498314764 -502.13699999999994
0.7861474317520897 0.5875812313444526 -0.19419455056946944 -0.4215910110857263 0.7380110737560409 0.5266621230938572 0.4526728449944842 -0.3322466167448105 0.8278774983052273 3.3158063146977037 9.815030461423477 -4.355891972040066 -502.276
-0.3898891493819536 0.8984946009332192 -0.20071397446085704 -0.5692751355472391 -0.06368488985823095 0.8196627065817133 0.7242862221752825 0.4348133667925417 0.5361788045608946 2.616349540510911 25.744134887189606 -21.347220777567692 -437.93800000000016
-0.18063896974542507 0.596813179575426 0.7816568040708906 0.3492942758759565 -0.7047159752568095 0.6179543429061588 0.9197324746731032 0.3847756608278763 -0.08135373962993334 -3.7050666791932017 8.553586987697352 -5.894626827260938 -507.45300000000003
-0.9180852545802056 -0.2252968104092241 0.32560024489623746 0.3894068169389678 -0.667693766526678 0.6347718506733218 0.07453575703000274 0.7100072622265793 0.6996881192577649 44.9850021195392 13.329386549159086 -11.826125784275815 -271.053
0.8404865601447152 -0.2346695223467545 -0.4893884386382149 0.2512535646491654 0.9678316159446854 -0.032616204357228784 0.4805825594568704 -0.09622798722376293 0.8718800859567574 29.6390571680862 -12.187451446841935 -2.427483111470906 -576.344
0.8676477472504744 -0.4760531274514774 0.14638375372792067 0.4959170184886818 0.8542547057238183 -0.1573349349481938 -0.05028774237985922 0.20903542798935776 0.9763384980414664 15.478023297160039 -19.222053928212627 -10.464898425769407 -433.707
-0.9797727966522012 0.04890928766385237 0.1952864812290224 0.20018604484706196 0.18285309070652286 0.962619946123893 0.011957967460213522 0.9815696353655292 -0.1886253713165928 41.79954282795949 -12.188473669255094 -0.9339523685552392 -204.24
-0.4262230741798274 0.8089549697858378 0.404686287249994 -0.015437576631871647 -0.4531173507733125 0.8911658633982497 0.9046803247865186 0.3734060678849586 0.20502664896964853 2.053908247693993 11.51289189014001 -14.81528503691998 -626.2090000000002
0.938720869779895 -0.3292778687485619 0.09662137844273153 -0.2842565017759299 -0.9045456803084057 -0.3180846683092194 0.19244642691573816 0.27192985025021943 -0.9433554735889844 10.380113503310122 67.51153783400039 36.1509747033506 -468.19300000000004
-0.8510439234883891 -0.1874336198810088 0.4902215942778133 0.4249600658609422 -0.79408806020428 0.4333336231511259 0.30882041122259785 0.5771833211111421 0.7555382852576792 39.215186914026646 18.082796430933627 -17.256117104052308 -248.041
-0.012365523360586977 0.3985582387420581 0.9176628855341984 -0.1189560799188149 0.9096248242049648 -0.39749784082509854 -0.9927824958484902 -0.11350683924665965 0.036151940982372746 -13.176563225595801 11.97390794165541 58.21369224678595 -192.43900000000002
0.9545183551644602 0.16965538471384864 0.2446822151751481 -0.16949550714533426 0.9851267579252262 -0.023393152210485317 -0.2448796216609955 -0.019666486737967875 0.969554989760871 -8.06530759771534 1.2277187109076202 4.16828291666848 -300.69599999999997
-0.4652004288142692 -0.6372929798702859 0.6144658825408527 0.22194847714938595 0.5879549992172826 0.7778927575937877 -0.8571745362057683 0.4981724632960032 -0.13259924357245248 64.32025595400006 -19.758967288471826 33.61974207140419 -277.362
0.3935327969779591 -0.6724966603695095 -0.6268580375638144 0.2909724135463769 -0.5554068090208795 0.7793778137982992 -0.8722178268706271 -0.4890337299523642 -0.023147529055801155 60.23121174045101 31.18489628923501 64.92650647058932 -542.6759999999998
0.8588881028659237 0.1666140964943733 -0.4847177315466014 -0.38844418037065376 0.8281373436093927 -0.4049618431827478 0.3338787325856441 0.5358057185884302 0.7760202823417538 20.282345116591888 18.707057840877308 -19.297516515077906 -451.784
0.5194237711615991 -0.6366399549676686 -0.5704139186332422 0.15645341120869571 -0.5852628366005252 0.7957053901099409 -0.8401469365945229 -0.5016965760640935 -0.20501175571746694 54.32513259897981 38.34298606523572 67.20110016797 -415.73900000000003
0.9205455417529176 -0.2520149978523777 0.29849592092026234 0.2986409121091822 0.9465652061082348 -0.12205919743646053 -0.2521926412225998 0.2017775093078972 0.9466550103295114 2.291099378581176 -15.721710340373823 0.1538901139199762 -335.9240000000001
0.7202405066755777 0.37828907628114256 -0.5822933006947989 0.05069746590614657 0.8077082612423983 0.5868686336748049 0.6923083278217792 -0.4526194287264446 0.5622585434870035 12.512038577534964 -6.25030874167507 -1.6291837069578072 -348.744
0.9990919331534616 -0.027458105032276286 -0.013004401492693215 0.021383167659352026 0.9317303093339432 -0.3620857165857792 0.02182332937069025 0.3612044711560322 0.9317605079007656 5.13016117507329 2.0738184326334483 -11.513385233097873 -453.454
0.8791128137919831 -0.45251726751370797 -0.15006240628130385 0.4409884561356735 0.8914246891224482 -0.10753353249661604 0.18206120485390967 0.027951820819330942 0.9828424163702864 21.51552903614843 -17.73579645667022 -10.953659653471904 -378.776
0.5259927615716251 -0.2018044151203444 -0.8260744095605961 0.4028562851598975 0.9149423578895904 0.032938956624118665 0.7487596041787704 -0.3497873439578829 0.5628231091749543 40.754512610132025 -16.95806504014574 -0.6048208006945472 -469.592
0.8795428001365972 -0.3694236521813136 0.3009602610695073 0.4635851545540184 0.8089504287588826 -0.3626989890333929 -0.10937592200700444 0.4584386084790949 0.8823321091158589 12.487535595764827 -13.283102835717035 -8.956324467418915 -710.3969999999997
-0.3134658668321247 -0.7387789193368421 0.5963953734746578 -0.8210009880944874 0.526750475637446 0.21949271119862807 -0.4773945856213618 -0.4209913431359646 -0.7720481717425122 38.88810487189728 26.264049700361113 74.87226209900413 -532.3
0.7628602563250965 0.11434024060945948 -0.6359146197231785 -0.19751957152582672 0.9784363251474836 -0.0612631398744183 0.6149044725958711 0.1725608978621515 0.7690530316036565 29.887913159704667 13.19888264419615 -19.483858857276896 -173.61900000000003
0.8539774386325164 0.21517595330444933 -0.473532333507053 -0.1262873056888774 0.9691934017781716 0.2121228707901937 0.5049439288030834 -0.1207551484959864 0.8541969032286281 10.789044211373518 -5.710961242758598 -5.721346657240157 -243.701
-0.908305588003554 -0.3828746770157141 -0.1675007477728737 -0.19144421075494364 0.7381096312920739 -0.6466659429237043 0.3716681145298836 -0.5555792520929023 -0.7438201341102179 70.1076564133362 17.832811249133165 55.922542814203204 -496.466
0.6025801591062608 -0.2229909081647664 -0.7671831720198384 -0.32250298853131043 -0.9462102275055964 0.02218766436393743 -0.7304235219345013 0.2342092161931081 -0.6419442688070105 37.39339219209016 61.303892710284316 57.087824065818545 -372.457
0.15759397252230786 -0.331808883761447 0.9295314004457652 -0.4474349941509058 -0.8638850340263659 -0.2320391263263981 0.8804853772954576 -0.3789246384585451 -0.2849340566745504 10.621363234592248 75.00317547635423 22.40012957315416 -253.78
-0.6325216078890112 0.5566569929861785 0.5383523622437554 -0.3935828741350549 -0.8299394074886017 0.3955405317143926 0.6668257923009959 0.03786119880885809 0.7439837518270893 15.44677860316474 37.1510594289254 -10.603051509545267 -290.594
0.7604176304266587 -0.1674340036188915 -0.6272123407412529 0.3756270922574398 0.9015225340780112 0.21574093884861145 0.5298744640850559 -0.3993656396541621 0.7477592894648853 28.234791445515647 -18.832530140949352 2.479342109121852 -477.689
-0.7054351608754514 0.6256876182737937 0.3342083920939022 -0.411258732559415 -0.7439842045709856 0.5267841767139543 0.5782418232185419 0.2345161778409315 0.7816071483882302 19.687132894938163 33.55411618408334 -14.655793009517255 -451.522
0.9376010536446114 -0.2926577772659929 0.18663307919570624 -0.34594047924569177 -0.8254525379048999 0.4449210437309717 0.02399269771870373 -0.4813944144553686 -0.8764788125667881 7.183263773306612 47.339567093627366 67.19940537223727 -297.355
-0.9757339362694364 -0.18819234199464652 0.11020197902959368 0.18607525707421999 -0.4521975960085205 0.8728316301744667 -0.11415305942519792 0.8719554894645809 0.476081330758721 47.174554018942565 25.142642139889823 -17.215494755435998 -712.3639999999997
0.9955997160865352 -0.036117913759890784 -0.08691341098103987 -0.07338234762535556 -0.8692168128770141 -0.4888185637957626 -0.058134113661469276 0.4928575832016476 -0.8681291166022916 3.5752401846759625 65.28094072426484 30.908886446713616 -216.592
0.9376995159630632 -0.31706681496302497 -0.1442784136525719 0.29968015264122577 0.9453986628238754 -0.12923418619807542 0.17647888408061235 0.07741932784001625 0.9814362652142432 15.512925925882652 -13.547030840452885 -10.76581016501764 -466.536
-0.3602765455022911 0.15837656732826907 0.9194603997987694 0.12143947790760655 -0.9688412906187148 0.21530005635694044 0.924908602752876 0.18896960175783328 0.3298798350609447 -0.1158199130069768 34.81102652777333 -5.573098641018561 -700.279
-0.6077841663363243 0.6847095921179153 0.40246315677394107 0.2858750711731202 -0.28382053052797995 0.9153168438508592 0.7406542943819331 0.6710454664118677 -0.02402525274147876 12.923770037883935 -3.0466823402693546 -10.404773215182825 -513.369
-0.2581606240506031 -0.6104783822037675 0.7487922026277973 -0.7861306678890263 0.5824136445571763 0.20375188787261092 -0.5602719224234723 -0.5364621064806915 -0.6306213946703842 31.42294269820932 23.205780710409652 78.94793431045781 -542.265
0.2572355431035936 0.9368418747075559 -0.2388895642152205 -0.7690559698984568 0.34763357490623675 0.5355811977436586 0.5850151497945013 0.04606553609873575 0.8101584953251246 -7.9711666447473135 18.84917064331363 -9.231939412524149 -122.249
0.9262569892730256 -0.10234401609064084 -0.3622012156070493 0.06581621961954418 0.9909459978542384 -0.1133632855525615 0.3713188275120692 0.0814885014826645 0.925651632163874 18.581123470122204 -1.1856016717661009 -15.500247218118231 -528.519
-0.7010500636831357 0.6776830217487653 0.2215839070116879 -0.32011242950123964 -0.5768242707520489 0.7516893738111626 0.6365573215263826 0.4558689286241453 0.6215748363411805 21.57220282673346 24.846331131946435 -18.945918889268228 -423.467
0.9658794044422576 0.11340646505159115 -0.2317555277287225 -0.20418471782664727 0.8849917460354151 -0.4176746431683298 0.1575263318021608 0.4510063539668277 0.8784982364842329 18.07850737399162 13.918387140251456 -15.500134736316967 -676.433
-0.7664188814647477 -0.08730915482955122 0.6362331568613564 0.6298579684067492 -0.2971228496158327 0.7179377176766528 0.12641699869222173 0.950960022612866 0.2824637020383731 33.36483159492836 -10.298664836613844 3.0876304327326602 -476.14300000000003
-0.8440960636969623 0.39861837318897175 -0.35919898951418194 0.5221174323814054 0.7659848229848571 -0.3761207781630517 0.12465938453034865 -0.5044786628362165 -0.8544954232324976 42.059945516046966 -12.387890204035365 63.01214564993216 -336.61699999999996
-0.2253596896895328 0.8751629891972209 0.42759239718599945 0.2670157935468881 -0.36691826521020815 0.8910488501222884 0.9370195845676756 0.3151792535022441 -0.15096466512712586 -5.89417315441694 0.07624251078089905 -5.6156836908154215 -547.318
-0.9720481825088028 0.09772661294419864 0.2136565556930113 0.23324994454171985 0.30197186089186284 0.9244154368502284 0.025740885459697327 0.9485494372508092 -0.31695054319862204 39.53198415186321 -16.455227191983454 3.854168594493796 -284.186
-0.6284939799478519 0.12820184225326042 0.7674780649572542 0.4536944759378848 -0.73969904541885 0.4960963425608826 0.6314692534548948 0.6605805157037109 0.4067801033027455 23.804011247158517 7.76615832062281 -11.762152297854975 -661.53
0.7794000913167919 0.0434407537192202 -0.6246397111020169 0.5365674768356475 0.4665086653732258 0.7029605074482205 0.322195465995171 -0.8829908884330222 0.34055151655006394 18.288746975733968 1.1146566351089433 12.233160905580833 -656.3939999999999
