0.9986260349919608 -0.006320639561105236 0.05934217389915125 0.009943943090931684 0.9976824143642596 -0.05909742785835642 -0.05888371559532205 0.05974259805054857 0.9968307480456196 -2.0727642209028474 1.9092337575207523 -1.5685559483811389 454.032
0.989279416955058 -0.13175515049817274 -0.07063928112918058 0.12700856197160101 0.9896485671751928 -0.06421821605866539 0.07860752552438782 0.054604175121073975 0.995601681325586 7.229815087537753 1.3447542656879958 -1.335252017808891 181.697
0.9851561364082412 0.013141440882878023 0.1738500245358866 -0.017729246337816397 0.9993753655519328 0.027428335341614787 -0.17315453738337278 -0.029749264773409213 0.9847581351779708 -5.7977505364391755 -1.1451009841255342 7.084501993976293 241.282
0.9982485430592499 0.06417418328338845 -0.02193168569403496 -0.06390431062992763 0.9973922683692722 0.011677660322034964 0.02236486616474356 -0.009908411126981298 0.9991845135521764 -1.7873044103624194 2.7246619400553413 0.6346126726874353 277.842
0.9503575110719472 -0.19726220829717886 0.2399001161578485 0.2395051106079261 0.9578359450875044 -0.1620605618244283 -0.1975284394458187 0.21134588387771533 0.9578191729990142 -0.9835729681467259 1.1084487515381485 1.6816564823498297 112.805
0.9855361145200316 -0.038353745077822674 0.16500207484970947 0.08072927031469315 0.9627975223279852 -0.26014869512119543 -0.1486239275292678 0.2692301805570422 0.9511904556364316 -4.839154250780972 9.418884579074456 -1.2571071208949078 -45.721
0.9328606578099324 0.2840314641625623 -0.2206803811678444 -0.32053291032261194 0.9346840405793658 -0.15069118434637596 0.16435136611826384 0.21182737796321852 0.9631841178563051 1.2586940471489942 16.646531949392017 -8.174538762966176 67.752
0.967828548932109 0.24538988921206295 -0.05234604360803974 -0.2503523517890095 0.9570386116444004 -0.1456928807678418 0.014247189885493696 0.15461800253570254 0.987789585389682 -3.369602426820004 14.34984221495727 -3.421153988011568 -22.154
0.968686456433341 -0.23445851608255924 0.07761235949701364 0.2463354645795397 0.9144062058610206 -0.32177968771771354 0.004220587928559593 0.3300253955973532 0.9440468537398776 5.039360446263609 10.791953023266359 -7.006590712651402 -191.3
0.9762261704690592 0.18969872097444346 0.10595225758459814 -0.14845276749596048 0.9377782223571954 -0.3124777798482437 -0.15908215829328254 0.2896114589710827 0.943839216607668 -7.361596131332106 19.449988778865816 -2.0625465751583083 -322.578
-0.9908744904596691 -0.03641238031943564 -0.13059013376378756 -0.13480144700313088 0.22197248872302291 0.9657515383119591 -0.006153464525644151 0.9749205000543818 -0.22439252106837307 53.71274763006571 -2.289050221809497 11.980814253165205 101.697
-0.7084690202852425 -0.5648423228670071 0.4235493367044796 0.4223668302427615 0.14114695684860082 0.8957711979778189 -0.5659305215636595 0.8121898169494609 0.1385527377362071 42.927793763223654 -13.618472153888845 19.872942777983504 -11.634
0.5100707576447986 -0.3356211064209181 0.7916438944828877 0.4944170788006789 0.8678054429682399 0.04980489387939082 -0.7036437304981586 0.3656644968888192 0.6086806663470352 -4.801462227743783 -6.272100598105568 19.49848586676392 -189.17
-0.9853197614091516 -0.17299307100947314 -0.010336535897691764 -0.031513920573414136 0.11607174025804012 0.9927044338253801 -0.17030469925987266 0.9786227940043116 -0.11945036055681744 53.36473880929455 -3.046751036705551 13.285484527359962 -10.907
-0.9398184946567776 0.028400236771393982 0.34021150170591896 -0.34056208885524564 -0.14385023027989485 -0.929301923289948 0.021982887345671196 -0.9893539513862624 0.14515088546858465 40.82752784000402 72.52367888083644 30.4159938611913 -113.606
-0.7835702974386779 -0.3760771188385809 0.4947563421319371 0.4146502220271653 0.2762691165182383 0.8667837086814133 -0.463054707073674 0.8847409027969253 -0.060009963745239724 39.07890951690081 -14.204278401254086 21.183911574871573 -72.051
-0.9969989896329337 -0.07482751011643657 -0.026538697051516826 -0.029595270402220382 0.035957172473710816 0.9990217106475441 -0.07363311739788403 0.9964056750661489 -0.03825276526088497 51.65485499082655 0.3484663095892948 6.127837752539 -55.746
0.2285290695926301 -0.7360158996110864 0.6369628665793623 0.5787075749528553 0.6287823912092614 0.5185606814649945 -0.7825986969463513 0.2506772026354338 0.5696267663325418 20.654996982840146 -18.315623839186703 27.93273489756241 -233.515
0.9558797858053556 0.2898192659050125 -0.05457975004823835 -0.22197720107905625 0.5830092047700883 -0.7821353888340646 -0.19493415669286066 0.7594984110328425 0.6208591951195811 14.696437211332245 34.2630698113511 0.9644317010142416 -7.921
-0.06153797908503375 0.008856429477459848 -0.9981280912701328 -0.9932520335407294 0.092223209474858 0.061887159091074485 0.0932000045927892 0.9958576916211838 0.003229307713974416 43.48479084437199 32.34463002195096 6.1497723581457535 -238.929
-0.9166596411942528 -0.3005851719133139 0.264028934365107 0.21255672180587748 0.19568877742997925 0.9575466606928404 -0.3393182797735762 0.9330733523895509 -0.1154666078163247 45.762248343378296 -11.838897114528432 19.931109306840707 63.293
-0.11213418296907808 -0.009762246775357863 -0.9937120650752456 -0.9877940002500376 0.11487486884723792 0.1104010351342414 0.1125395625485696 0.9933229497783944 -0.022884680360850236 44.209809001719854 30.691511032121486 6.525045719556061 -214.044
0.3628360003914687 -0.4893970482897824 0.7932219757417996 0.6063580635124588 0.7697733688178688 0.1977210282890009 -0.7068580444744712 0.4089579985093947 0.5768611427431333 2.957474505895489 -10.404178596104813 19.384281372624873 -180.932
-0.6490672342075059 0.5376418838009471 -0.5389734187982622 0.5227577642644352 -0.19874130500758624 -0.8283108479496566 -0.5523483903757458 -0.819529365939572 -0.1521407600091382 49.77766707301073 50.68713430190991 46.69784327458039 -44.081
0.6670447976121924 -0.18088252611922506 0.722832948148288 0.5384573676866008 0.787601518563326 -0.299658879265478 -0.5150700939479018 0.5890183410258432 0.6228254476723574 -11.38694909523134 7.120810184611241 10.763936556135446 -375.655
-0.9594690413378326 0.08124990179467037 -0.2693742875901141 -0.23106863461201305 0.31498293519233217 0.9206426502980652 0.15942565794123034 0.9463171536866716 -0.2830910748762945 47.70569543738517 -16.545973168738023 25.513580994693246 -271.248
0.7432569807978943 -0.38748161832107 0.5453791889735964 0.4327055689731269 0.899912491864943 0.050418863548556014 -0.5099896654247925 0.19858138387961755 0.8368213113281079 -3.271798116637892 -6.022713898978098 11.818310908044273 -271.382
0.8734577706869963 0.12195438709919737 -0.4704665812622546 -0.3224684748492794 0.8702099203213348 -0.3733736752856576 0.36362776709794814 0.4774388694883793 0.8000385584536432 14.559509534003325 27.94816029520349 -13.697550259247553 -394.114
0.9961073055363018 -0.02633020768755508 -0.0798791101567903 -0.00911836365600496 0.9099807505508328 -0.4146468215068301 0.08297099853209712 0.41393405725910415 0.9066529633271846 1.51706088737927 19.524355701482595 -9.009187542595498 -500.046
0.6953330162839161 -0.30285530067520805 0.6522197585714243 0.3822130529911378 0.9236438655603291 0.022294423357695457 -0.6090704416212377 0.2329685028624248 0.758401657492875 -5.3656502125918415 -2.9895536973970356 14.326733026514402 -181.187
0.6030917369408415 -0.2576465147685097 0.7548379844401577 0.4183609629971869 0.9082558618697542 -0.024057345773923475 -0.6794942431627781 0.3299785146349207 0.6554171488672117 -8.026753765625445 -1.873256542830866 17.41407851722423 -306.325
-0.9865520678623528 -0.00972570271030937 0.16375857958418694 -0.16365697036487326 0.0708794562878448 -0.983944664219626 -0.001986056263669073 -0.9977633830342449 -0.07172335221885619 49.7380754262872 64.50158179229476 39.45242776748158 -158.738
0.4797409019194425 0.4584231829636317 0.7482896489822554 0.4398990206906897 -0.8631857154134877 0.24734000742380194 0.7594524681921342 0.21058800992637688 -0.6160042899479037 -0.6611994163942043 34.71319004865558 14.381152574779776 95.686
-0.4370228050366565 -0.5261939077523667 -0.7300047164254367 -0.6830800241918328 -0.33340642237397394 0.6492811373572214 -0.5846062691397623 0.7820093631099101 -0.2137378350964348 59.45600379415616 45.1159244156053 12.274002495876822 -67.60300000000001
0.9610693191477592 0.14126916249417684 0.2379725159203116 -0.06781629645512616 0.9537813859144484 -0.2917019236692095 -0.2679358325360901 0.26489471591414554 0.9263611897405232 -11.387036863187111 14.568620806410856 3.8783172444712615 -446.288
0.6182725390203518 -0.042294313557842016 0.7852813236233717 -0.4990722056296074 -0.7919367331279189 0.3506362554684898 0.6068914668486901 -0.6092398439256695 -0.5107449676538279 0.095981214978476 42.913336084732855 33.59723890787188 -75.516
-0.3338999091090281 -0.3499108092178578 -0.8749568861677735 -0.9265782915283672 0.2934985829326366 0.2355045397495569 0.17394038083396607 0.8896294787470033 -0.4227147044272385 51.30078259544203 21.456720366730774 19.050594769793182 -303.93
-0.1999653335964336 -0.2538383768223575 0.94625810537616 0.09373479784598374 -0.9663989069437564 -0.23995970034482345 0.975034074201764 0.040005878384730006 0.21713799345821855 48.07594358493475 70.05296073947011 0.4706345185739025 -299.575
0.5836421753941552 0.643224936931209 0.4952968697786277 0.4632470282431012 -0.7649335660148308 0.44704973388996416 0.6663576952609022 -0.03050643409555347 -0.7445022818504645 -0.7111171393942612 23.22766827293888 28.792291988853307 -109.839
0.4520440799562748 -0.0914023751887042 0.8873067541652929 -0.7051440236093419 -0.6458019264713979 0.2931471475736588 0.5459876092952035 -0.7581586742449884 -0.35598309280846113 -4.150136056705435 56.630843754124406 28.618297070646307 -198.355
0.4251302866350584 0.5465218514620915 0.7222882893128479 -0.7467987007876877 0.6618622981290297 -0.0604107378539233 -0.5110767949366363 -0.5140358953906545 0.6889629031217209 -13.097986667328328 15.038675995303882 52.86669057418851 -0.506
0.41508539193041416 -0.2943345590893471 0.8604564317379138 0.4922944256658189 0.8686291432121037 0.05974411631701404 -0.7651098114207799 0.3985894927924988 0.5057149959236487 -2.256607148784308 -6.0457936279543825 24.05561164342201 -353.376
-0.8876897338293676 -0.023264457159196256 0.4605266201375153 -0.4573058253893546 -0.08608229247617534 -0.8857325228667353 0.06039063340362251 -0.996411284856598 0.06525009856253222 36.786776933848635 71.49335261848157 32.47488934295406 -185.373
0.932898312719238 0.31276434193318897 -0.17917393828955355 -0.35866148759604194 0.8534273845534198 -0.3776508485369559 0.034466768854263835 0.4163628288030294 0.9086794892718864 -0.8815159145223621 30.181431347522288 -8.325548442688877 -462.907
0.5504327702297428 -0.20258790819949155 0.8101323604052085 -0.5797738415327679 -0.7903263035543017 0.1956918322166827 0.6008078088581396 -0.5778735267392667 -0.5523884148224532 -1.9673967405006076 60.295845788967746 28.253043600778746 -227.812
0.997892175712376 0.043524812088686964 -0.05031081044257935 -0.06211922638912426 0.8723850226764134 -0.4855443256247165 0.02261903695276336 0.4876841592303648 0.872883406026663 4.04453914717983 25.481514546078863 -7.990368083878174 -460.508
0.4808229030121079 0.8283879789106242 -0.28742850132880204 0.6515398060575129 -0.1182365270774809 0.7493700042062651 0.5874809600730918 -0.5476383003141799 -0.5962755773322854 -4.260034433024797 14.684722202388908 30.09374404371267 -303.842
0.6842767972820981 0.6289133252525505 0.36855202633530265 -0.4200662666917076 0.7530860295070156 -0.5053399086688344 -0.5958276029301643 0.19050809166811394 0.7799719052352904 -3.5563613264792906 20.4510692616143 20.317740907512977 -228.747
0.7408905024470397 -0.21827303608472198 0.6358637823627469 0.4075041252192483 0.8980539064330587 -0.1673028097293177 -0.5337959073666326 0.38356513613627785 0.7539697937763545 -11.746579537150858 3.628562181030532 11.022987759672679 -399.72
0.8641724562240818 0.4348928711979825 -0.25328336992006023 -0.4982495216051657 0.8100279465655393 -0.3077854080216121 0.07113530219301893 0.3923298332445455 0.917015836475562 0.9721000175544444 32.349749160066835 -9.148052181416203 -584.302
0.9330942884465114 0.32889036864119797 0.1456317241013788 -0.11992131473735824 0.6652465796518672 -0.7373080110106479 -0.34015218713640144 0.6702848291422193 0.6594521029306083 12.2854038358571 29.300934614850274 2.994405005105911 -156.06
0.9551327959858612 0.2794895476637305 0.09950903968970093 -0.10282781105958158 0.6241024459303404 -0.7749369334980507 -0.2788785788883253 0.7299297416529309 0.62451463044816 14.310770939428554 31.013039397039016 2.4898694335718186 -112.948
0.9931627133342807 0.09188614148768597 0.06999849752470733 -0.09187000882108938 0.9957851558931364 3.1193053782682725e-05 -0.06953705073644438 -0.0069146613420614025 0.9975126976794672 -5.4063422218910375 5.7019387082018165 2.84431624223134 -406.23800000000006
0.6684663259120548 -0.2017073614315844 0.7156376400891903 -0.6430058008429688 -0.6416649325871229 0.4192825814499267 0.3741677262650391 -0.7404864836218585 -0.5581368389664388 -4.91715885518609 48.16276635826374 37.62644493360139 -143.623
-0.7232280936284666 -0.3386295106506681 -0.6022409095181578 0.4384645046559541 0.4493901778194358 -0.7787757291347395 0.5338356641146313 -0.8269701623517216 -0.17732346221496684 55.4652219593444 15.329537483775695 33.67986488961857 -293.635
0.6332478266520327 -0.19273063161475495 0.7490036942259231 0.3541499491075571 0.9340198984383072 -0.05955490935705177 -0.6877968268260342 0.303411361655141 0.6592689026340232 -12.992546081187037 -0.4909108633816999 20.040844166849443 -369.93300000000005
-0.4048013844978993 -0.5525735560100259 -0.7279586949455676 0.7283268967402969 0.2862214127342158 -0.6218771590026946 0.5525045550058879 -0.7821417105273298 0.28665054962289804 59.11695386499019 43.93027070435093 70.3768282015303 -442.033
0.7829861504447415 -0.2235997622883057 0.580450447135516 0.4569601737714749 0.8398964667282169 -0.2932432294298522 -0.421883094508195 0.4946268869531671 0.7592211425964627 -9.631487248310727 9.0448042485635 4.790391860615657 -568.431
-0.13173069858688374 0.2324137172958989 0.9634577487638091 -0.8490866769741965 -0.5283718299924836 0.01221316359437058 0.5121475229018936 -0.8163691626283319 0.2675634903995417 14.269215138028224 63.920587909224395 22.418011241990897 -112.487
0.7521065070241192 0.4875079253761726 0.44457714265063775 0.43204164877621737 -0.8722329895187839 0.22748205245557016 0.4988390440477453 0.02141305168960829 -0.8669132712672689 -16.766179591284462 53.48906290414878 13.41728548070338 -82.675
0.5530967274374929 0.8307469600175038 0.05471577168649276 0.81972914807794 -0.5548765270619678 0.14548385813674 0.1514090812966852 -0.03513648783268036 -0.987666447086644 -14.23663829027678 18.596284000989808 33.081997914260626 -74.25399999999998
0.5165456333485194 -0.4060703654244843 0.7534489345287497 0.74835836769464 0.6416431975771768 -0.1670281878613467 -0.4159222333546405 0.6510803865398377 0.634988614920475 -4.151331690614523 2.3188856858419022 6.468768596763227 -461.056
-0.3970952796602965 -0.35596929541060685 0.8455963279575608 0.9174345315745394 -0.15459426971940318 0.36671735434091496 -0.0003169830344121601 0.9216862575176078 0.38820003353393545 13.697622292671676 -17.337481079921098 -43.561242190726325 -598.319
-0.5394256582625578 -0.5301661554928444 0.6546836583118917 0.566839514624058 0.3458629765713072 0.748076493262098 -0.6223923813208517 0.7745071177021345 0.11427987113430592 34.39854101765995 -16.982454104854092 23.21583514389632 -93.074
0.41787507406385227 0.5992304157857135 0.6831115994388559 -0.8098674428252792 0.5860804185594195 -0.019191597923017983 -0.4123360759440287 -0.5457403859951763 0.7297290018605781 -12.375323508072428 20.305603809652922 50.54185153462357 -265.718
-0.7478459206026798 -0.4144243040717697 0.5180284010905274 0.3586536064771877 0.4052036909486589 0.8414420408336527 -0.5584807211583911 0.8146908894740696 -0.15387475724982386 37.394622661824656 -16.506058508540445 30.031269764136034 -214.83900000000003
0.9757533115095428 0.19993097270462493 0.08892691067713761 -0.21833537112769053 0.9113048669274656 0.3496048291515352 -0.011638638419381736 -0.36073055643718893 0.9327446929358518 -9.599863147957468 -0.6818323492832761 16.312804743065705 -59.745
0.4465229569614047 0.04000670406408886 0.8934213554325945 -0.7911096463256249 -0.4492063460237794 0.4157720505323387 0.4175736793197632 -0.8924952894029733 -0.16869843835928114 -9.776715981150687 47.823903232734786 26.99975763851339 -335.148
0.447222210839051 0.08512581813434186 0.8901945053751537 0.5452336246073176 -0.8146444935839288 -0.19669243980650525 0.7091908167418491 0.5728183211235001 -0.4107577340078644 8.988859215033951 58.87766548859522 -21.609075335894747 -291.514
0.4480055507267456 -0.15692365233116196 0.8803443719623953 -0.8925955232538065 -0.12339900435641525 0.4325911074112907 0.04098467081433999 -0.9804546644946944 -0.19470629065294395 3.5818158979012797 40.33836385289853 40.379684741864956 -89.882
-0.8563670943303134 -0.5037299466324082 0.11699751057643283 0.2062082726304738 -0.1244406672202622 0.9707985212286848 -0.473854591199647 0.855066113867651 0.21022319155579566 59.81083734617379 3.3814904362396736 12.746785178765222 -385.041
0.2322050317139373 0.9337180616245464 -0.27307285529431513 0.6895627559597812 0.039784617587852684 0.7232127803782026 0.6859221075329682 -0.3560943217562192 -0.6346195559931304 -4.682191652537436 8.753449915882081 21.971650275220085 -341.6690000000001
0.9105189016844488 -0.1091965020102845 0.3984811225687834 0.13376484673656067 0.9900939471375264 -0.03426208170568472 -0.3907480782701643 0.08485733624559112 0.9164892098493208 -6.475414349709 0.4919996696321362 12.358174928538014 -386.815
0.9415165736516647 0.32463949611408266 -0.0923176470520834 -0.33741905570577496 0.9166841679852418 -0.2130564566444999 0.016120773890586627 0.2320782842077931 0.9724630816062094 -1.6632585313285342 24.1291617856913 -7.278107217996916 -426.289
0.022760348909854743 -0.16338159497636326 -0.9862948379564443 -0.18713201310076194 -0.9696368789590118 0.1560501477707408 -0.9817446449587938 0.1808526531094649 -0.05314101556392671 52.406516764644955 33.994679524772174 44.430939224283065 16.070999999999998
0.3920814916985874 -0.36007866645188624 0.8467973467877129 0.48879953508156204 0.861120355642111 0.1394971274855861 -0.7789748976509014 0.3595491018674913 0.5139266119876499 -4.868972624544739 -10.406120726298688 27.859808777979488 -608.928
0.6510553637841978 0.3174553406320963 0.6901398002399768 -0.42910668108646893 0.902763544906368 -0.009804027835683895 -0.6264639633378439 -0.2897835112508855 0.7238465408055081 -1.6508531062377545 11.348658086176824 36.448646234662704 -62.243
0.031381781584472065 -0.3738219068193119 0.9262706596333666 0.7362530902326843 0.6356006030032332 0.2314241513802453 -0.6759989336273993 0.6757506457259138 0.2956850691990356 -11.400242957454624 -1.9383164482637696 13.017601460599494 -447.388
0.009499262366585076 0.4215190705898321 0.9069249871546566 -0.822773312812551 -0.5120364653093272 0.2464856021124151 0.568169721342668 -0.7484232920196807 0.3413968810610173 5.41666112911868 55.15606834200153 13.0052409453513 -205.164
0.8033873075016781 -0.2515146012917988 0.5396139445891732 0.3512328264315763 0.93225271930085 -0.087046543805764 -0.4803286649162441 0.2601486601189941 0.8374003503639958 -4.9895909805282255 -3.499293953540281 13.707841649710305 -550.326
0.209138862021148 0.2899746005633828 0.9340543252453324 0.2893634314995465 0.8939281884998617 -0.3416701636993061 -0.9340410134804978 0.3414451475711697 0.10325443719943916 4.5585752770336825 -4.093109272767354 37.80601550883088 -429.518
-0.9025771219297776 -0.2755442787765677 -0.3311160853461555 -0.3814290957809917 0.15330423908263105 0.9120045921921296 -0.2002692242110985 0.9495986842445344 -0.2429524297756459 55.81313154197122 -9.006539788061414 31.992890564487343 -634.566
-0.7533311588922512 0.2560286685738301 -0.6050111178743767 -0.4767044905106788 0.4218577260144738 0.7716356431711131 0.4526296451952133 0.8700252704786731 -0.19543742756823326 58.36087722545506 -7.4074144023992465 19.889456210531034 -456.208
0.05130422729918342 0.9018552868315964 0.429109253611369 -0.9981155662307316 0.06140257321333247 -0.009554022257537364 -0.034631689604714216 -0.4280803196405764 0.903260656433768 -17.14105303020279 29.835355164585277 57.089529254988854 -830.408
0.5657785512638337 0.29701597382723965 0.7686167053106808 0.6118654334854652 -0.7769996037144752 -0.1504497355377859 0.5526408395089778 0.555335397833199 -0.6214872365291706 -1.0676738532420489 78.36802804498184 32.9505554962337 -540.106
0.5370063872938989 -0.34541389355046503 0.7692056982943282 0.428431161474746 0.8974458645559076 0.104664937217055 -0.7275405579604397 0.27337053548758183 0.6299302927272926 -7.611582971268451 -7.807418524558983 23.787418870650374 -611.153
-0.8700444702490614 0.17164208860669578 -0.4626314727049693 -0.3513415056898363 0.44176705881222544 0.8256638449012859 0.3460257095816582 0.8799810232303288 -0.32411968172949124 52.20720268213936 -13.325121425397693 26.152221806539703 -575.544
-0.1176590583491558 0.4407803583158238 -0.8897417295929182 -0.9918352774610824 -0.09635149023246264 0.08300266791089128 -0.04966912511830476 0.8920379663405809 0.4491599389779387 30.88998946772347 39.500356626933076 3.0312993991040287 -379.277
0.18011583562578132 -0.8417766575546315 -0.5088133019300904 -0.08961791121160367 -0.5293025251589579 0.8443224808227395 -0.9802964221880008 -0.10666573461806357 -0.17066847765046253 45.267652976849654 4.520668086315927 45.3174017954701 -116.133
-0.4278950039899024 -0.4209406003319768 0.7996561013479754 -0.6903475758678553 -0.4193336338993498 -0.5896273258210687 0.5834227025771874 -0.8045950714944479 -0.11049824339420752 27.041144867985462 76.95841219617516 20.766270034411864 -432.86300000000006
0.1093416608643986 0.6035893555301329 -0.7894520103739417 0.9702165136189568 -0.2388467514362094 -0.04860337579193811 -0.21825153482920345 -0.7603622931550491 -0.6115440482830671 48.98996668517268 3.107950228771609 62.167162591937675 -510.947
-0.06946306282413238 -0.37651053005819796 0.9235868406183966 0.5688991561179458 0.7455631793865232 0.3467958135333925 -0.8188555013553632 0.5505047840468634 0.16245356740788494 10.579005790309866 -12.848387415005186 31.65375411619966 -355.23
0.33329226890360303 -0.002296401455781508 0.942752767496974 -0.4037070830820857 0.9037254070695838 0.14463963622853862 -0.8525142011910795 -0.4285396358463375 0.3005709267384464 11.735890668485489 0.435787977320004 57.5731607017352 -196.87
-0.5885074934150871 -0.434559617403162 0.6812433529514759 0.4678544927199616 0.5043607722901285 0.725356463615975 -0.6583962268294397 0.7465629899236805 -0.0933159121280542 14.763667994815574 -29.42120743760356 43.650227247466184 -749.206
0.8707425888111492 -0.20399774587768746 0.4475900601385852 0.2287375503923364 0.9732231097246812 -0.003115067629324302 -0.4350408354352059 0.10532662661038036 0.8943653521325242 -5.111264203770746 -3.951899143072197 14.926424852299569 -442.584
0.9772114383367692 0.04669843484201766 -0.20627013855820855 -0.13819155318807386 0.8789986496202842 -0.4558769023610323 0.16003862568281285 0.4743425492901954 0.8656801913036917 5.921807691870417 25.237196575026573 -9.164815988259736 -482.163
-0.6509279731202442 -0.4568046947948388 0.6056147922107099 0.4302568359245994 0.4357046571513301 0.7910540544100075 -0.6253555925202138 0.7755923201269274 -0.08643433241859935 30.554550004194194 -18.408819079791513 31.078652085348555 -158.321
-0.3835479759206545 -0.4523684881601005 0.8057899053032256 -0.13034356403150638 0.8894406061454014 0.4379160463828389 -0.9142642327060352 0.0639718400593296 -0.4003128099972447 12.337123710122745 3.259317887099648 43.65391793504858 27.604
0.8499961512527135 0.3661567086815433 -0.3797401050711678 -0.5191318433930847 0.7063024329706323 -0.4806740829312331 0.09164167952201066 0.6051923102513053 0.7902105786965692 10.091074713913054 44.17455148256033 -10.63367977780502 -759.115
-0.9537334292276703 0.0013782198961633078 0.30132305808164683 -0.3010584740825653 0.029271358436043726 -0.9528190267846244 -0.010215482693405564 -0.9997913735585848 -0.02730932768554983 46.48302979884099 68.75757628544076 37.68810080730196 -344.8640000000001
-0.9313686050039076 -0.2841669486661759 0.229762881836312 -0.1942423028579313 -0.14532872384401416 -0.9702733641220748 0.3093724266973696 -0.947664368765907 0.08078192546324589 54.334437896010144 71.01161570042552 23.316001664412166 -351.042
-0.3833116797571772 0.8009648708113056 0.4590597995028058 -0.2346513029111332 -0.5658833825856425 0.7906830279020518 0.8926083550550586 0.19566880661536548 0.4052723623875767 14.302607470193507 6.6298001075355995 -13.292844841141417 -400.596
0.7204032358325776 -0.398116297957883 -0.5677855700971199 0.017028419529606643 0.8281658067649094 -0.5595522931371055 0.6930918660645776 0.3932817306964867 0.6032329099659645 30.14242079273745 26.56379117660831 -10.579798480214047 -435.304
-0.3000167784739931 -0.39417062812761616 0.8688681116775155 0.5949599331163322 0.6339108951522425 0.4937229162482994 -0.7452874809217365 0.6649113720303863 0.0444795251355572 15.702307064211212 -17.829524236133285 33.81429588898185 -338.754
-0.998317764198244 -0.04004794585549276 0.04033728467675431 0.032900632452157505 0.17673810450438387 0.984018334852584 -0.04671171675388448 0.9833759948918184 -0.17460378817971392 36.69285073896489 -18.812928027631003 23.009860102508306 -590.703
0.22150179858744326 0.9748330182170476 0.006008460938768452 0.9225813605005584 -0.2122887593225221 0.3220960813856153 0.3160023482501197 -0.0664242839099048 -0.9465458250392622 -15.691804438839412 46.361702649401394 64.72798216479349 -735.306
0.03562721456373625 -0.2942022739415985 0.9549893618388284 0.5431661410134874 -0.7967845356174588 -0.2659796222694451 0.8394158928358988 0.5278776534163783 0.13091207674469346 50.65431436745392 64.32623309718566 -20.978560897112718 -443.229
-0.515581122582865 -0.28219093595760325 -0.8089231863465196 -0.7152313980978667 -0.3776275140755495 0.5873681211304718 -0.4709872406643026 0.881681497769159 -0.007253549563393005 52.434461818302644 48.065537814744694 5.47199092702013 -222.83900000000003
-0.35993233256689144 -0.41773146838734027 0.8342582181553009 -0.09093631790998508 0.9055319009967611 0.4139742598404379 -0.9283270416346276 0.0734543328004786 -0.36408598029410705 10.040019443499826 3.5957271138591267 42.509875127385996 -26.806
-0.7620423680341982 -0.44472445008551137 -0.4707405864912734 -0.6294187470282729 0.33952080684353075 0.6986116924931226 -0.15066325452906487 0.8292166180021683 -0.5383359944608492 50.98127250366973 10.238846526843345 26.685750490759744 -713.069
0.6165369938326339 -0.3678781270036001 0.6965365945253548 0.02582098605331076 0.8933712876771271 0.4491288549900273 -0.7875151918790962 -0.2582011045931132 0.5599079336733706 10.844090000847824 -10.662448709421193 49.197396496180026 -298.467
0.9779016828883758 -0.11744718402689247 0.16969519416098833 0.17376809000153087 0.9112948679771652 -0.3723748957239314 -0.11052171677069196 0.3944573303780045 0.9126568987359428 -7.502614801258155 14.165590535234518 -3.5489124475304483 -830.51
0.4535187953219224 0.03061639662901932 0.8910165411993689 -0.6616132848959352 -0.6588633101620165 0.3591201953275049 0.5975455948120084 -0.7520065288239776 -0.2780251601252864 -7.520052106182685 54.18102002704563 23.53085254019321 -373.386
0.14594761331356632 -0.3669108589827748 0.9192084299437944 -0.3868583438273114 0.8336356020400414 0.3943346409102631 -0.9106566499633344 -0.4129081573322148 -0.02077001048710568 13.306764127417313 12.609523179370859 47.97222835034352 -160.514
-0.08330327995356619 0.9456580046329144 0.3165828128045511 0.8633516042479502 -0.08941537685742063 0.4965932051191105 0.4978217386808702 0.3140283269576272 -0.8084136548066502 11.149411406891387 -21.75481027407161 41.41185295451813 -603.319
-0.96589542405606 0.11978190090053027 -0.2291102547362372 -0.1585343540450483 0.4229391889798913 0.8926029323486746 0.2037504639723829 0.8983533887881724 -0.3893058702843571 48.82025700916603 -17.469113485555972 31.68029315752388 -575.021
0.1464764830230356 -0.6249410418413693 0.7665146655884492 0.44799545266620905 -0.6493966294087761 -0.6145256757981233 0.8827545642169402 0.4329482416292492 0.18485423147262672 39.12989314333207 81.75535427813344 24.25919124581573 -643.0
0.9130283158188014 0.3654855273436249 -0.18200228214449973 -0.3770032839916602 0.5847489736863483 -0.7183378942496204 -0.1554202662209891 0.7241499318250073 0.6718177144974308 15.745851147498096 29.984105823195854 2.908880531644201 -227.979
0.13902606388827513 0.9869641314989409 0.08061699346121677 0.6298453721093276 -0.15138014699188868 0.7614598380827904 0.7640549124464207 -0.0544770912492562 -0.6421273765158823 -15.793610537812548 13.54301439300428 11.190871924423847 -237.951
0.7736131987807358 -0.35785565994691393 -0.5236939551880049 -0.09508632913044 0.7511258426315782 -0.6532982145355434 0.6275232052417953 0.5546581634984388 0.5466649216764456 26.148749053013912 35.014764177517684 -11.589181136617732 -686.211
0.15749219768419248 0.05023585577101024 -0.986165499131608 -0.7023074005642674 0.7077211711957488 -0.0753373494209165 0.6942609917263639 0.7040150373449336 0.14717683269323426 46.905421170226745 33.50391304041196 -6.017821033566168 -562.3330000000002
0.9564282873147842 -0.17009853032441574 0.23892495994000346 0.2713049629274421 0.8224846203527592 -0.5001460100506608 -0.11135538145775292 0.5431376793421148 0.8326802267539632 -8.440623820205143 19.73965212407968 -4.268103661387869 -768.625
-0.4385852740293405 -0.554734534166167 -0.7073635592116586 -0.512436180853855 -0.4920144306439124 0.7039110321179154 -0.7385903099361603 0.6708358929583842 -0.06867406604647783 48.568113346037435 56.80771575287563 8.616269938311586 -658.2389999999998
0.7507605235434669 -0.07991265528211625 0.6556771474678591 -0.4498046013076298 -0.7893959214894449 0.4187146557975608 0.4843813610817103 -0.6092148331829268 -0.6289372011322643 -3.6014496311770015 50.912803323647225 33.75930309962185 -298.222
-0.5936402679793175 -0.33881695588031313 0.7299484761735568 0.5828686050619825 0.4444517335411996 0.6800333219710115 -0.5543600408390567 0.8296449031208878 -0.06695021593832748 28.27577763937641 -15.751489732079394 25.38802541983131 -146.83700000000005
0.4097358881307997 0.33279664294685857 0.8496345416430395 0.0068382355746334006 -0.9322539038579744 0.36172441090859175 0.9124742014177828 -0.14256042096450786 -0.38405565744825937 1.5437738023372347 47.212797354541905 10.227640271252056 -395.298
0.7056347736968939 -0.5821398606697556 0.4026327482003228 0.5214502249905755 0.8121186835604127 0.26185930375888705 -0.4801307664386128 0.026001243489372702 0.8770619208506061 0.4208941332481917 -3.01648934116659 0.40982289475942935 -637.946
0.6605937964070799 0.6361101450228446 0.3984055749885456 -0.5945822299967636 0.7674301699689277 -0.2408853678677864 -0.4591841727365962 -0.07744361097283327 0.8851278131060958 -12.601266974243215 9.895166125814603 35.80993214853403 -769.195
0.5376954639327575 -0.6194958554294745 0.572332934929804 0.5808010615564818 0.7638349986522627 0.2814403573641047 -0.6114595623283592 0.1809857611309256 0.7697443664276312 51.348799409309215 -12.681849068078174 -28.503859900133392 -616.878
-0.7236366362228522 -0.3695473854149444 0.5834948301449675 0.06577143029046377 0.8038019021091779 0.5915958405040217 -0.6872729766938447 0.4660722245848888 -0.5568438303883587 23.00521217334098 -19.3611019971506 73.57370047727198 -750.712
-0.9314137151049856 -0.3645972491977597 -0.01834735097921196 0.04775882941411791 -0.17171792387475368 0.9844679200913828 -0.36175244833872816 0.91527012852799 0.17720449484473644 58.78637806649387 5.3252595702877805 10.262991398272142 -309.827
0.5427939801577997 0.7801623701704593 0.3104389442794073 0.6625057284284908 -0.6253879524753176 0.41266457573097703 0.5166372625703622 -0.017992786163514008 -0.8561309761677632 1.7465277993241417 17.951164707655092 31.60375019603757 -16.252
0.4257169246886159 -0.2340739769070603 0.8734822146927309 0.29917173539034925 -0.8754183022514836 -0.3799064563031782 0.8544411773933945 0.4232121704124799 -0.30282367882850425 16.770205743853225 63.81604485750931 -17.392815615251088 -149.312
0.7278705489024895 0.6018474502784024 -0.3282173859036942 0.6853182018054917 -0.6531312137119574 0.32196324158258594 -0.02110114090864336 -0.4601436213792485 -0.8878605176487643 4.893581861065319 19.953881297116183 47.3484748353367 -329.639
-0.3927011883458103 -0.5742564202827545 -0.7178577430699157 0.8981639214920261 -0.07035896607300886 -0.4348701407944429 0.19971953062214412 -0.8152798088569332 0.5438940063811049 46.49685632404184 32.81158680075347 23.009064230765162 -468.151
0.9347129523683759 -0.0968455740866609 -0.3422726639502481 0.3551164961140575 0.1992296424162755 0.9133128051561092 -0.020106252728144446 -0.9754953317045144 0.22102985114954 21.010494247264038 -0.895755559162744 32.7806656419305 -66.896
0.01918413683755046 -0.4096305953854004 0.9122731143374432 0.5459045738654207 0.7684052228271882 0.33399769984059224 -0.8378864450434174 0.4920506360960853 0.2376092003077995 5.090274332128502 -12.187957098651896 30.601421921689116 -196.825
-0.3597679104700633 -0.1525542135184248 0.9208824661809184 -0.5723452935583564 -0.7428430340597726 -0.34723783037532346 0.7364814193994697 -0.6516818106151681 0.17942871412824735 -2.184178617369046 81.23455601876394 -10.040021593667383 -616.217
-0.6171798064601284 -0.42506057946778586 0.6623660229519601 0.3143472263247247 0.6383508378913401 0.7023194119773727 -0.7215036149028405 0.6419577086607945 -0.2607434534507104 22.923985831507093 -28.696596304653372 57.555345379552534 -841.913
-0.5235479662421084 -0.19342855359908487 0.8296482098928082 -0.7530772568989296 -0.352293003265654 -0.5563948155222832 0.3989593340470221 -0.9157459165770924 0.03888096987845273 24.869295350248045 77.99901864708549 22.14561735980217 -668.19
-0.7976361092087759 0.6031942757242406 -0.008160584086951328 0.5965517706422091 0.7867762250702661 -0.15794006138870922 -0.08878036115141914 -0.13087420358377708 -0.98729063188792 33.55420226092128 -6.538323227488147 36.24318798168369 -226.808
-0.954539174340409 -0.1749797793147871 0.2402406506560277 -0.13911734803707665 -0.4506125494014277 -0.8814449647700915 0.2621666370948769 -0.8756226069416401 0.40636393016416456 47.660098932488424 58.60760227020744 24.525691720185552 -47.398
-0.33810991678473623 0.769608284730123 -0.5420106901440974 0.939092427258442 0.2396173409314519 -0.2465505268166434 -0.060131629916182434 -0.5923706816792854 -0.8035826823070307 34.971141289856696 22.18020651121202 46.596929639247605 -279.995
0.2996264889467248 -0.2800393685457766 -0.911709164784462 -0.6531965755717937 0.6365566374032925 -0.4101178596193837 0.6958859293213724 0.7184638192681767 0.007940659253852286 48.77950656886467 45.91316551618541 -1.0523088258692823 -490.496
-0.10683903394151913 0.1521016224734105 0.9823450416685424 -0.931809937312118 -0.3590763336429876 -0.04592490394472571 0.3461139048167362 -0.9205423012418928 0.18052729277033175 14.569915315659951 64.58848561994115 30.565233186605333 -200.688
-0.2866405757595429 0.14080649131740036 0.947929729955768 0.4571118531859322 -0.8495453788464926 0.2649737711428379 0.8413684191444754 0.5089820061942177 0.17910539801406505 38.65552778857601 56.876644622549755 -10.158555002905723 -331.9890000000001
-0.33316442395882223 -0.2183760957595096 -0.9168131264246958 -0.7293402811257819 -0.5571309058654768 0.39763719904411216 -0.5979633549164701 0.8009356024068388 0.02606897757604237 60.82197357754378 36.37771166022721 -39.695163712307064 -721.831
-0.4172572602618859 -0.2703859177674005 -0.8677432661043212 0.8289690588115942 0.2766543028820527 -0.4851592107667908 0.3710014412296477 -0.9216447320782292 0.10918614032199273 53.35107093782354 41.36803406349033 79.78477564296008 -626.62
0.15338644309212993 -0.06879118441464033 0.986179718601531 0.12262995385935625 0.9911423772765472 0.05024520840892747 -0.9805463641059308 0.11329211437752505 0.16031456800578214 19.054967286285354 -12.736577171927395 46.010677689318506 -244.993
0.3844258628597296 -0.4390189134293472 0.8120569990415684 -0.7942370646586987 -0.6059983225207428 0.04782162490378928 0.4703980504676632 -0.6630067848369162 -0.5812003679591473 8.435382494471638 63.56180788904878 34.15372494066172 -373.278
0.939032508600178 -0.1811714911967747 -0.291502424372742 0.023954268833577867 0.8816222941218358 -0.471668320285899 0.34256218146531997 0.4359005445616953 0.8326958396591309 74.55477723622117 -2.4239045776602595 -20.40893664346315 -594.015
-0.11603605239675086 0.6634126199708328 -0.7393469722664331 0.7293804513842903 -0.44882680674516173 -0.5169060465218962 -0.6737643009526902 -0.5992079647510584 -0.4321870663303025 45.48893982501645 51.319114926039155 44.112572621241064 -330.483
-0.6402707707517017 -0.3944173256601525 -0.6590270128252969 -0.7547986887904335 0.4806752282595913 0.4455141827909601 0.1413287206531355 0.7830839506624231 -0.6065012826945184 47.70667424509402 9.940329922467017 26.287360285776487 -422.13
0.7484485353269316 0.6491045880864889 0.13239230501497326 -0.4945216295259008 0.6812770207170473 -0.5392463414866328 -0.4402554069237302 0.3383192077750761 0.8317625585207369 2.3405496034539865 26.966744028400804 11.437581841490926 -421.944
-0.8590447105456165 0.3282161813560609 0.39228962109370974 -0.32361173017196776 0.24529558722719785 -0.9134303492314034 -0.39598487079741 -0.9129155413681694 -0.10497567944426142 29.795753166721425 60.2286903510073 45.54865868111779 -184.588
0.4954824415202354 0.0014075951252759688 0.8686538870733638 -0.8255547772070566 -0.30825621752042304 0.4721500972186357 0.2686589339099049 -0.9506905174896224 -0.1519809539586957 -4.511300222545373 43.11503227915426 31.52262161348834 -463.66
-0.008852230235861524 -0.4582228426286496 0.8892688019953847 0.23744646917512385 -0.8643312049285221 -0.4431230269707776 0.9717054099533938 0.207307924036652 0.1160353766793432 25.849971578776337 86.48366274583694 35.35229180643741 -676.2130000000002
0.046994125811063464 -0.41513187924450506 0.9086433878768344 0.06476299071802072 -0.9064697389268102 -0.41701754515154293 0.996934911201198 0.07871847105451713 -0.015848919962778204 27.008675701425943 87.20754251961233 43.49260665808903 -555.068
0.06498958324285639 0.06589642447233299 -0.9962229107941574 -0.9727065209949108 0.2281018434265259 -0.04830626125749532 0.22437536669958572 0.9710745600990408 0.07937190327880496 38.47201389513426 29.13052434969341 6.010746331170353 -469.978
0.5937897308021512 0.4276950163016283 0.6818411973500835 0.6681558225276222 -0.7339012591447459 -0.1207268949580114 0.4486673638487225 0.5271603272907531 -0.7213748343618578 -7.310309098493847 75.57674280976781 37.26603749417581 -669.495
-0.4731667319978125 -0.6278949711909008 -0.6168433008679763 -0.2383897076189205 -0.5825152345405543 0.7767312819649049 -0.8482584916184411 0.5153872197478622 0.12559817125439404 54.39412283346266 60.87578512219388 12.875177276449818 -765.689
-0.4306287929068319 -0.8771356816050793 -0.20983927979315728 0.4087103700885995 0.017685623348374382 -0.9123093932316276 0.8050428269020649 -0.4784881667161071 0.3510129053568216 60.51118517403968 60.13830344319322 57.25564763986253 -779.8610000000001
-0.92981379737966 0.30426420686524164 0.2089207028271063 -0.3478514097469693 -0.5345900881037425 -0.7697374687599994 -0.12284147263553735 -0.7884068032456409 0.6032963478882165 60.54378681898818 92.38390822730877 12.160001771509311 -570.298
0.009781005124797031 0.32596905615838634 0.945593581029008 0.2865488786512232 0.904709979586772 -0.31498222741473736 -0.9575350617115604 0.27432457210125755 -0.08519219453609925 -23.806753092631464 -9.324977581422775 -11.900167915810142 -487.745
