-0.6384740493619043 0.1592791566677045 -0.7527513331984439 -0.6759936557823242 0.3517835017375359 0.6476830861817504 0.3684903803704446 0.9229678521840722 -0.11694108534290648 76.08635598001385 8.274459734623429 -22.185538702690355 -87.62200000000001
-0.6709642724913593 0.21608490953739432 -0.7093331504165187 -0.5887271754810881 0.425971471549242 0.6869220942985228 0.4507951025468842 0.8787831138153718 -0.1583174269118892 73.44704120713016 2.463311020914034 -20.54463585491553 -149.438
-0.4535143663858631 -0.8847564601752416 -0.1095407913630186 0.18778139630814536 -0.21441698323012048 0.9586937946185334 -0.8713117041414123 0.41495112068226336 0.2634534779065697 58.99096844067512 26.739763687729262 -5.438307551088389 -658.779
-0.23767414144058802 0.9592216818802556 0.1530451033583469 -0.3358371097383424 0.06621137333779538 -0.9395034179994978 -0.9113913484181179 -0.2753487874231013 0.3067289299416324 -17.34954837058592 30.29523362156213 22.423665857495827 -741.823
-0.31170729172384665 0.9434645301071104 0.11544534114549936 -0.7277759565239431 -0.15828707698199007 -0.6677072459801252 -0.6113416776309548 -0.29238391010781273 0.7357336557865115 -15.686634270044522 40.959621110846896 19.21713318089989 -715.5189999999999
-0.028511945985419836 0.9976373306167414 0.06373471937598811 -0.8486491563359525 0.009558535151277091 -0.5299561380568137 -0.529493766659076 -0.06930314029268736 0.8459142228670671 -20.040948028787774 34.01730335724685 7.633826607179168 -757.895
0.08102054951870499 0.9962280067269492 -0.03905735823754673 -0.9521086044596376 0.06493656086019567 -0.2994837679611966 -0.2953870697589835 0.06157058887192034 0.9535152933469616 -18.08392306413726 32.559115264127705 -1.4684976394569489 -771.451
-0.6362382353312838 -0.0833302967757942 -0.7673773568837605 -0.7289066599031581 0.39325630755732666 0.5610000877242739 0.2554422388546904 0.9157376415329632 -0.3109377035050474 66.59879628998978 17.055822807580203 -13.47505480849121 -463.478
0.06756845678371151 0.9065938851331802 -0.4164440783677044 -0.8803244692211096 -0.1417221052799037 -0.4521623867988779 -0.4693034429912536 0.3973112339005265 0.7886674027892937 -8.296250322712659 47.23134551126665 -15.07363413299079 -514.351
-0.453686966029019 -0.8778456255027624 0.15392902161759772 0.2444736539099217 0.04349888223541956 0.9688856899305888 -0.8570687581494354 0.4773398326696072 0.19469175260386035 58.93859660962257 13.792561928945188 -6.605310263452027 -828.813
-0.3689924951081301 -0.9276365621109952 -0.06085508661803611 -0.4257257945854919 0.1107616105333399 0.8977488379491894 -0.8263191350047983 0.35680857910880176 -0.4358054245167845 59.272370850175506 17.33159157454106 1.2276218946537625 -887.0139999999999
-0.7866314428436485 0.015850616022692252 -0.6169304240542541 -0.5375448259655727 0.4756611715651573 0.6971039723222561 0.3039663048027109 0.8799381447226439 -0.3657225611030197 80.95028962780175 2.2045562860694257 -7.337036019791538 -337.89
-0.7980902233200684 -0.34425407731980434 -0.4945125959419099 -0.5615186525158979 0.7203309881382011 0.4063026289143565 0.21631947579755245 0.6022576378284705 -0.7684557790492618 81.50957444836789 8.724713731256912 16.694191052140653 -439.449
-0.2230974782771486 0.9513105237975648 -0.20954206215885127 -0.3929108096082861 -0.28446273862829485 -0.8744161958368704 -0.8916481312458596 -0.1126586882254881 0.4378469129512099 -13.138248364259901 48.4494423799383 14.828820942908086 -779.07
0.29302010058816885 0.94755704751752 0.12618929973763324 -0.5702005267449021 0.27874636701486605 -0.7724990093729159 -0.7673825855334157 0.1553171567047144 0.6220086606550045 -10.799160072726192 24.88563920469153 1.1765832077525469 -726.185
-0.6896961501147298 0.3055726277028777 -0.6562438899919449 -0.6889874822126967 0.00013533650388358764 0.7241756737435591 0.22121626251058216 0.9519719451712464 0.2101907513853642 67.77552207323733 17.009976027065207 -32.936458561405665 -375.431
-0.4084683721384637 -0.7360326736035192 0.5394440894031511 0.2420592353163992 0.4822637121499259 0.8422802963687863 -0.8802936011414133 0.4749200191132083 -0.01859190371993093 48.076232401270246 -11.367627538613243 -2.598484426847147 -518.712
-0.8011175021003014 -0.1205426592762014 -0.5867269946104494 -0.4090458969149776 0.8245730458714149 0.3905233177501968 0.4364707406729751 0.5524483799985881 -0.7104759062942559 76.61197457896215 1.3239133747861302 7.377624568611512 -301.788
-0.1261105631093921 0.9781488167752456 0.16610191314970424 -0.8062150077433987 -0.003542018122374004 -0.590887386171526 -0.5771442645364213 -0.20826189253928296 0.7886371579189081 -19.4508296105205 34.70942054995291 15.066749148768366 -740.5239999999999
-0.20666691269711907 -0.9784152259387852 -0.003726400906389265 0.19334261029206826 -0.04422071073108328 0.9800745996426676 -0.9590905690034901 0.2021780645904509 0.1974963299756658 62.762080538759996 17.47211431461308 5.1547071311687365 -739.209
0.2686464331682891 0.9554052950929288 0.12059588116277632 -0.5620511008109916 0.25718140751974744 -0.7853803871137249 -0.7813800234566767 0.14379752212566585 0.6069299072501674 -13.03558165933596 25.087151574774953 2.319440794803544 -798.1239999999997
-0.2696778154893125 -0.9606637163462516 -0.07586027820733436 -0.5615571926674188 0.09292740739274573 0.8219997673515228 -0.7821962381219864 0.2642022475530746 -0.564388992068004 60.12922969703936 19.55339781324977 5.179955910543843 -887.825
-0.15277366272703222 -0.9628882629920924 0.22372480418405166 0.005175681679502484 0.2261178597660311 0.9742191825199228 -0.9882634737144008 0.14944298307583298 -0.0290452150514002 61.88797156484388 7.628418932329866 8.468733948404497 -796.393
-0.01848233328286026 0.9042856889542344 -0.42599469929322265 -0.9677609090933018 -0.12439620467586608 -0.21967096976625167 -0.2519681813844173 0.4082926749310645 0.8772573804680309 -9.310870752331383 44.044111989696475 -18.665451682007426 -621.56
0.4951173789838602 0.6879348885689414 -0.529730312877582 -0.8376039920043419 0.21667206607980294 -0.5023602468257196 -0.2312030447795169 0.6922691237841556 0.6835617959222934 21.48245139673343 46.0782441673028 -37.234470637319724 -269.52
0.7669262989830881 -0.1631749773322947 0.6206962278634702 -0.0005839099573769527 0.966795222219076 0.25476648779061306 -0.6415901023568332 -0.19597821310400754 0.741664712660269 27.762403668654212 -2.4327305475688017 5.7092144450880475 -537.068
-0.17877202239785187 0.9474208780938008 0.26419426569008364 -0.7126548859112366 0.0603787045554714 -0.6992109796300041 -0.6782277374514374 -0.31412807170931645 0.6637829133382523 -18.28354772091967 29.349980754522253 21.129492473264055 -832.263
-0.17804710049579406 -0.9498966360419278 0.2573884828292895 0.08357081389740678 0.2465459322995769 0.9658522611718712 -0.980278785424524 0.1937928032168283 0.03618098860355981 61.544394381654435 6.3262476382278265 6.331162293819988 -830.796
0.012624624591350877 -0.7883197295677237 0.6156722435608261 -0.4288634349917268 0.5517026291369933 0.7153745990539327 -0.9037038220788834 -0.27246322173943754 -0.3315283581463485 46.62014334255056 -3.4771858962536015 32.84038288263585 -390.934
-0.1642900069244305 -0.9853585005935666 0.044812725090523135 0.16784636950539772 0.016250125724506716 0.9858498306330918 -0.9718350542724604 0.16925470457637978 0.16357368971578395 61.316792485388355 14.374442938457944 6.363542597927258 -817.8689999999997
0.4619804858434731 0.5843878996909803 0.6670671812479901 -0.34441638494828675 0.8115971479386319 -0.4724465153901042 -0.8173464782638764 -0.011344317827624508 0.5762169238679997 -3.7235833512122 -1.466437455352363 9.560950233559671 -320.099
-0.6096534238361694 0.2702799944711547 -0.7460561141719914 -0.4530336147219226 0.6530355222782692 0.6073015384332046 0.6510935232806421 0.7070786634842992 -0.2757112284234276 72.26882997169581 -3.8216507032626765 -16.46320114851477 -402.42
0.456864092293017 -0.005676551974568986 -0.8890078105058358 -0.8825513361294348 0.11902080468940125 -0.4542962122862305 0.10868741000969297 0.9926072694159921 0.0492756029705537 53.876592264340154 35.83535408309137 -20.062492169966365 -414.62
0.020165903511099103 -0.5647700079227393 0.8248540866894725 -0.19587760282764732 0.8065873933191159 0.5577581334179996 -0.9809347009691144 -0.17282128384772955 -0.09431560155828768 35.29720453168568 -8.859089403780963 23.139808700774523 -649.4259999999998
0.8431063236210427 0.05185686335098665 0.5350955253267163 0.508804936037762 0.24552276702596715 -0.8253692771946028 -0.1740909310063005 0.967993213599612 0.18067518350389813 -16.862501231373173 42.4393360886435 -20.379223088898144 -536.2080000000002
0.7758527318992425 0.4252738748140103 -0.4664079741031759 -0.5533336647348452 0.1028207682291941 -0.8261650916651958 -0.3030070911814363 0.8996916516287156 0.3147934125536841 25.266214002037 34.619376280600164 -21.873709439292607 -593.264
0.7224486116165536 0.6911983683789061 -0.003950446795837853 -0.5032997889690278 0.5221472927405715 -0.6880871147418272 -0.4742365344276071 0.4986596288783974 0.7249876872529702 2.855077547197702 20.350797020450145 -15.159845075489333 -621.636
-0.4425876838021099 -0.03142159274848618 -0.896008922516177 -0.7901548428891938 0.4864192532628242 0.3736946214868424 0.42392483108811785 0.8730856308341434 -0.2397874463579888 65.61657004533498 16.63143663286641 -11.349320211201892 -394.163
-0.6545979278009001 -0.2340316762964701 -0.7190570928865464 -0.5983341269599532 0.7417164254198889 0.30368562481099315 0.46220593349102507 0.6290804885056943 -0.6258403124327157 66.66779149684507 8.814131412567889 6.480044360620582 -337.102
0.29971432394667896 0.629535943318582 0.7169138755046802 0.371030276903796 0.615733618738119 -0.6955927601612906 -0.8786708231247767 0.4752003663923732 -0.04941526036923602 -10.434202316856492 18.63261934664576 -2.6805313011649954 -242.63400000000001
-0.9850059143194124 0.03951283688377242 -0.16847455188797356 0.16909299728419855 0.012889622792212693 -0.9855114614293023 -0.037050062589080585 -0.9990847703616108 -0.01999749039637857 35.195584570216546 53.936351717057896 60.953021420016974 -132.575
0.9440412717335734 -0.3294431295701682 0.008308611465552663 -0.15034643413242027 -0.4054672635283698 0.9018363479504132 -0.2935761526065101 -0.8525654944814406 -0.4321016527676137 53.203777495429534 24.67948963509972 66.7807890579694 -248.34400000000002
-0.7360065491779164 -0.6745508556319094 0.05078214460267445 -0.07322280750275115 0.15408235845870538 0.9848856532657008 -0.6726636883845393 0.7213010563317652 -0.16239865224572386 47.014209178269006 12.232854315990215 -12.593741434142654 -918.678
0.016701196471904264 -0.21430819720530092 0.9763110950510256 -0.27981985062704096 0.9365436927279084 0.2102955224180341 -0.9593899522366508 -0.2768344461299037 -0.04391898641991868 21.11601350273445 -4.356094316387889 23.11483916172463 -699.095
0.21110881852299052 -0.6515387170099429 -0.7287600960055303 -0.5549000626433589 -0.693881778675182 0.4596916191581426 -0.8051422884643399 0.3069037594605988 -0.5075152019210457 71.33360567891185 46.732835901065776 15.111579770581162 103.60799999999999
0.5212461662290039 0.5919199572120073 -0.6155144029927417 -0.8221885946867608 0.1538237722109863 -0.5488878602648809 -0.2297338338410261 0.7915463565015274 0.5667885213866672 26.916286578057278 49.29129293940849 -35.62769667471955 -368.505
-0.1415709357474381 0.9654000594773442 -0.2198943393216108 -0.7188200130027622 -0.2533392942681668 -0.6476558974891429 -0.680299418861409 0.0663553214825028 0.7290366082637965 -14.839340890488259 50.2274854344544 2.5212094959921494 -819.092
0.26567976926126896 0.6979046993895052 0.6654041037610866 0.31441006317685616 0.5895244951907571 -0.7438727059667443 -0.9108917439144304 0.4071925809390881 -0.06253544139799189 -10.167834797907062 18.45251314409017 1.5160769808557362 -348.04900000000015
0.9486859981596268 0.2670104109590586 0.17028564522748832 0.008508697741561192 0.5168069692948958 -0.8566430761032136 -0.31541055865121115 0.8134439801246426 0.4881679892931414 20.775821146648454 27.54994069633523 -21.67252430625051 -294.394
0.11111837994013002 0.9702264137059116 -0.21771526283658088 -0.9677813491777488 0.0555187731301872 -0.2450769900492324 -0.2261012930014328 0.2378192658993629 0.9442281891297452 -15.346112577807641 33.42502422905827 -8.512860135174147 -768.875
0.2735136796258663 0.6672950381130547 0.6927180696503431 0.4985364944775456 0.5178491459026482 -0.6953163517399691 -0.822807010306237 0.5357426634364946 -0.1911975268589 -10.6062926487835 21.514423411593818 -1.6365615610554762 -142.91
0.0955557777682098 0.9489741245005799 0.30093180487399923 -0.7429708321611078 0.2693956910888913 -0.6133006444461914 -0.6627414057661645 -0.1649658939849 0.7304032857169085 -16.07129724752355 22.96368752410195 14.489921177779848 -707.571
0.907941332177863 -0.41685225114918506 0.03804163634684973 -0.19190270633669984 -0.3343534834636844 0.9229226802066456 -0.3716810968131845 -0.8454777150765419 -0.3831931540049055 55.772218406712284 22.360685770506183 64.86350203970773 -213.46599999999998
0.515903035927682 0.7335305725970451 -0.4441580824426811 -0.7593953296607986 0.151039452445122 -0.6326698227011794 -0.3969266837330441 0.6630930282941528 0.6343020656540322 15.218426984037109 52.83574349923587 -31.99787421802045 -312.494
0.8721206746148416 -0.4885239721804927 -0.010737770896098498 -0.18115651454140025 -0.3442319933663621 0.9207447281791732 -0.4535758692458138 -0.8020514214416836 -0.38903702073749197 59.774681825970994 22.04536795563261 62.339972536312104 -277.82099999999997
-0.9671261637566902 0.13306664490919246 -0.21680429404490176 0.21938583908316864 -0.0008575998094891487 -0.9758591612826152 -0.13043176481316054 -0.9911878754914694 -0.028970936352410177 30.092701454760984 51.10767437288766 62.52836623649814 14.042
-0.7941283686645225 -0.21908853677068246 0.5666746286960722 -0.02499523417454685 0.9440679616836196 0.32869605137552355 -0.6069237261735029 0.2465795233217241 -0.7555151682245781 50.3255577591755 -6.919902568291391 55.80906715845543 -175.079
-0.6257379855282995 0.3210090838257616 -0.7100339951227939 -0.4838031255894161 0.5545375188871301 0.6767769333214205 0.6112768888570199 0.7681847549321208 -0.1919798768567361 67.64258523888968 -1.0165597052924369 -20.54066988280099 -451.01300000000003
0.8175703212331987 -0.5279229388449094 0.2296957416718755 -0.4640609816886399 -0.3693760102706653 0.8050676220736304 -0.3403494020739289 -0.7654005833522547 -0.5468255027421122 56.12614856343209 28.469060461523448 66.22175398470664 -292.496
0.22988692227614485 0.7416697354742436 0.6302190077052995 0.3692431835986693 0.5321246335173563 -0.761722927522728 -0.8998336708311788 0.4079080672789991 -0.1512296588578276 -12.778236231991455 20.31223595451442 2.8177803219212434 -450.735
0.5702738980213445 -0.1034970806495933 0.8150688883028059 -0.515543495687731 0.7268228226454359 0.4532927348789175 -0.6392022994543942 -0.6786552890076399 0.36090628557749066 15.319742703874724 1.0178395175237185 28.946777104893066 -265.678
0.7604974127249267 0.6474649187448561 0.04665037868422298 -0.5386578788800179 0.6694534886890551 -0.5111365772198161 -0.36228648123339 0.3639279408333892 0.8582055005818082 2.1260806245689103 14.084737595065588 -14.115132542817287 -756.184
-0.8434402735196513 -0.2099054268451817 0.4934956577371902 0.0529932833002302 0.8828792109503537 0.4662149354956295 -0.5334283294889127 0.4205972559938035 -0.7338883176936916 54.79473983035206 -12.075339214841941 46.36554375021014 -176.72
0.9067094034944452 -0.42039227317768 -0.034029670864984755 -0.1306727475659271 -0.3561613067624425 0.9247962871382726 -0.40153147171928827 -0.8345258951038167 -0.3780462502026616 57.378315922313185 22.983179483631158 64.22586218595707 -225.312
0.10567382463794832 0.8743380651028577 -0.4750059992000982 -0.9788208645152404 0.007300981307391095 -0.20474963480671785 -0.17434465340425054 0.4859224283193031 0.8559413676276093 -3.5152415370954984 38.938182920573404 -23.218640816155176 -623.1469999999998
0.9333713304558672 -0.3584370245266119 0.028024506732764097 -0.17524348294427572 -0.38562452995377655 0.9060483056032792 -0.31453720096244353 -0.8498302442548807 -0.4224266831193952 53.904141329458376 21.986301835841427 65.12880943646752 -220.34900000000002
-0.4927876084519829 0.8514491628515424 -0.18177275933678014 -0.040997221667627495 -0.2316117602306333 -0.9719346723066544 -0.8684731592770799 -0.4716194164500013 0.14932538547710014 -6.811536179069201 41.60451673948722 33.217158486965616 -773.99
0.5117187654019199 -0.6118948433168249 0.6034046255715582 -0.11991591230726105 0.6442148069160238 0.7554505670097321 -0.8514142723015627 -0.4585914020155033 0.25590823344640484 47.14470999144043 -13.523233798828649 36.136827812094225 -209.19
0.21381727757394525 0.7668277516736781 0.6048697474245741 0.4262174784931669 0.484115584275456 -0.7648197901436735 -0.8792486035955024 0.4208143080097951 -0.22336432496536648 -12.825794394841274 21.88147223452344 3.830747682709561 -353.777
0.07905811853763657 -0.9631213339313054 0.25827243917599885 -0.008004310547018762 0.2581743194438932 0.96563146746894 -0.9964358758626256 -0.07788515212574608 0.012479037627755908 68.23813714732738 10.672839484914661 17.44660286966205 -706.1110000000001
-0.19598491254084946 0.6588558548108836 -0.7264074944538834 -0.5207781976425151 -0.6977682292864057 -0.4931451644357357 -0.8313778452157299 0.2815332692546747 0.4797461196076645 6.1908312206410905 58.4408385725103 -0.5041836469880714 -445.721
0.4893827703568415 -0.037893681853139724 -0.8716403600374195 -0.8619482877510705 0.13061310534523668 -0.4895961946382463 0.13229119857801774 0.9911351405589348 0.0311730618667017 54.73721308142518 35.24305903072413 -19.61738229668257 -548.168
-0.8636974749006965 0.04953014075024398 -0.5015955871199163 -0.25455526579280435 0.8160557731615695 0.5186682421247982 0.4356045927122101 0.5759782980604883 -0.6917367919365153 72.95080813789805 -7.1806232260072695 10.505214012836802 -344.395
0.7705083813399087 -0.2921492946094841 0.5665324241533013 0.4620498945285291 0.8677783745485355 -0.1814824000279152 -0.4388595891657148 0.4017640986058459 0.8034253123396331 -8.281530777781683 -1.0195929770434944 -24.652796756947907 -565.8580000000002
0.6013416213924286 -0.5345002228601078 0.5942874974648651 0.3400153163679267 0.8433218231269529 0.41479314508914095 -0.7232851893036062 -0.047358603964462086 0.6894776052383889 46.376144940577795 -6.212646463055918 9.422061618484651 -569.943
0.5399282038820115 0.7268798325262692 -0.4227969691407452 -0.8233754822964978 0.3537012927437174 -0.4436079559609569 -0.17360210071332913 0.5879943160829189 0.7897848780265426 14.090071819441945 39.00904121001816 -38.16394380891133 -308.678
-0.014966210914680369 1.0000381406934609 -0.008741131234791047 0.602410609507109 0.015462557242761675 0.7978381779045469 0.7974030318673095 0.0065031255916658546 -0.6032081275936709 -7.966919354462185 13.692143348517135 31.95347998392057 -368.71
0.8299651830675407 -0.5555347627744113 -0.04467850608798272 -0.3714859510676912 -0.6115699153081462 0.6982213050122571 -0.4153282794425386 -0.5628475832638545 -0.7147630430598853 61.68897310085953 40.306235370172494 60.60203562775828 -70.165
-0.15459750542875506 -0.7736839975686622 -0.6144264030352476 0.016821667864129242 -0.6239774972891103 0.7809955369779938 -0.9876275335243438 0.11042424725891918 0.10917556825596307 72.64441889801958 48.25199811818654 9.965077614206242 -551.464
-0.4722488549353585 0.04864139161976375 -0.8802735607688015 -0.6848248625697382 0.6088551636623164 0.4002925896074063 0.5556591694405727 0.7910655033383627 -0.2545484022402381 65.02219945201246 10.237196654076984 -15.647279833607445 -394.361
0.05059212122907469 0.4610964106681708 -0.8859868098572911 -0.4906402992821042 0.784127329284072 0.379821538383456 0.8696503299104459 0.4155557692004103 0.2654894416704777 53.0805617983746 -0.10200927915455793 -31.343210020728346 -423.744
0.94386969421886 -0.32979123384727405 0.03021724179596787 -0.15156910745879468 -0.3490090023465173 0.9255482808929676 -0.2944749113016694 -0.8772183390260028 -0.3793759015575083 52.79362420030397 22.21536491200752 66.38065251097042 -277.959
0.2695385801848362 -0.6108181265613396 -0.7450039685773828 -0.4255719417082181 -0.7689980451718305 0.4770998306861981 -0.8639447232557999 0.1878911888839692 -0.4668457493327075 68.98127016721018 51.467055633136646 18.352185965743786 -203.21099999999998
0.8792075328860834 -0.469184267895749 0.07840316176864004 -0.39700307521923023 -0.6332043053735141 0.6645005587331474 -0.2622695956496348 -0.6155817844886105 -0.7430927131051858 56.570695350947936 43.079898730927255 64.01463395282715 -245.27900000000002
-0.9898753299039 0.0980937056325525 -0.10271208094675564 0.09057333842988792 -0.1227624250762664 -0.9885366424766842 -0.1092939156673924 -0.9873973553023576 0.11240618829268056 30.55471774593724 58.496472395503524 58.13473543942099 -124.806
0.4917954588408088 0.7161679805683664 -0.4950031800586552 -0.7269743740662201 0.024800016210097718 -0.6857284815236357 -0.4789568091616088 0.6976543980116624 0.5333665589170491 17.284289991761412 56.02784732266242 -27.71608630003784 -384.551
0.9354530411651022 -0.3229266273510354 -0.1408136781639319 -0.018464711285837505 -0.4425728919795574 0.8967433455092069 -0.3520855923152305 -0.8363106738190509 -0.4197217694043132 56.362856738155614 24.731558451867823 66.2150620767458 -358.642
0.23879173826529004 0.794375704250489 -0.5579437316388065 -0.9565412729881062 0.093667497449196 -0.2765420209395704 -0.16787225794790542 0.5998394363614247 0.7825840515889542 24.10120795960713 45.95379335741226 -36.81755539990832 -466.685
-0.6105412912192939 -0.467863294122315 0.6387496294607876 0.717300611035665 0.013099809072206151 0.6956917787667359 -0.3338394417626232 0.8831560885709145 0.32746436188271266 41.49573749197132 18.016539213275358 -21.72880540037789 -743.6289999999997
0.568880270054407 -0.2513682919710301 0.783003865165385 0.29086046831419765 0.9524348903751464 0.09474851390584177 -0.7691553346599029 0.17372819103394052 0.6149954802724251 30.64277529852203 -0.5007701535015272 -3.5575338684347035 -812.706
-0.65993240034356 -0.09110671628859997 -0.7460822298731528 -0.4680305947049001 0.8271901627795251 0.31255188816498525 0.5881525509675112 0.5548768159103107 -0.5874508572404231 67.62626528289874 4.242919849659857 1.2076974912268756 -435.355
-0.20492933257021428 0.6935938834482971 0.6908435856386977 0.6295261160340351 0.6335832631456372 -0.449264566420988 -0.7486798263203771 0.3430832652074005 -0.5667331750693728 -14.535601011391421 4.953689106613211 13.713934143860653 -429.43699999999995
0.3354119709909925 0.9390380741160168 0.07771102717775316 0.2219491744613305 -0.15875067574480334 0.9620815726469258 0.9156194951114276 -0.30555964138662284 -0.2614658324498481 -10.696825088735881 23.929156009359946 36.96795796569607 -495.97
0.033867419068421736 -0.9546729294312274 0.2959506322067856 0.7754892175975825 0.21275862051972594 0.5951004072150401 -0.6308208613252709 0.20964566575428364 0.7472672232190162 70.34208670115011 2.8864310076507853 -4.95389375462408 -282.46299999999997
-0.5149424764965588 -0.4722471328248914 0.7154119521919462 0.8510593294194952 -0.3771192337742638 0.3636586228294131 0.09843626505981294 0.7967955711176876 0.5962233281538439 26.84055853828465 15.94225262827158 -40.10904344902556 -166.829
-0.23334630774604656 0.9071166031442424 0.3514591932233482 -0.7041012587931091 0.0912252894129402 -0.7038884643768835 -0.6708626038192842 -0.4116778736242489 0.6174248887757904 -16.03541526798945 28.900801839068464 26.696447603436862 -839.23
0.06520711860446915 0.6878474533665191 -0.7232419941411979 -0.7661870003674324 0.4982473974959377 0.4048796873156653 0.6390801594311052 0.5279663273079925 0.5595404254361209 32.224237197233855 10.686583474821534 -39.96902087218961 -471.504
-0.9271185643617141 0.16474367106213966 -0.3370490917382617 0.28887579132717983 -0.25973728999595824 -0.9212458665490788 -0.2387577692549927 -0.9515581375831508 0.19388091545020908 33.437907489351375 65.73650685575561 53.24560328944611 -238.822
0.2547944131896288 -0.9141351817493524 -0.3163770207801688 0.2388437544774465 -0.25706657931904536 0.9359288000496441 -0.93682663999758 -0.3138817202700088 0.15312114638689595 75.67489252449414 36.026709324532646 24.667747157407497 -739.7189999999997
0.5640751094362543 0.6945480502547954 -0.44690546410097576 -0.6196151446058643 -0.001516625917900081 -0.7848671191170231 -0.5458970456014232 0.7197319500211067 0.4292056575008175 15.599268473850387 59.83288715796975 -26.026014762919093 -253.921
0.8752698352707724 -0.07588244370352135 0.47782285162726096 0.4840067619121637 0.17208295840461713 -0.8577728962413752 -0.016885912698383826 0.9823093243599172 0.18664597026739047 31.76440836699041 41.37688734419432 -18.45835563689495 -18.093
-0.7135025795544856 -0.35907077207223764 0.6010126521732636 0.6695733416127536 -0.09881449215581847 0.7356755362611096 -0.2045024694931432 0.9284992789117807 0.31109743210151586 36.66494194065744 21.41095458201141 -22.66723418094565 -735.352
-0.47838635565239296 -0.8757922170678474 -0.06360261404464533 -0.3497411744362627 0.12368485308720667 0.9281705176045736 -0.8056564255800409 0.4668758460110082 -0.3657861688735518 58.665885135747224 15.325183453224547 -0.7822895259901221 -932.8889999999999
-0.4019400886039817 0.037876103283936965 -0.9148796240092636 -0.8710789442480484 0.29329622141100314 0.39407909721703904 0.28344760037416666 0.9549540816358064 -0.08552463905385606 82.57286149467113 21.471970108399564 -16.523490212203473 -226.165
-0.5770418049844102 -0.4669916296456394 0.6693217756502464 0.8157897867251543 -0.3693229397284004 0.44586349088022176 0.03881821796456634 0.8032713847320203 0.5939566480575871 27.98638757850405 14.228603338134965 -39.75481189736782 -226.94799999999998
0.1677706455744295 -0.9798166416272044 -0.11011623407817198 -0.3093775760942596 -0.1583085952640839 0.9378160382026356 -0.9361937651807726 -0.12360560500816442 -0.32993430448961925 70.4844093396167 32.290385318085555 17.8063374757563 -915.821
0.4717459567739545 0.7307259980522199 -0.4938435203770194 -0.6461054926553561 -0.0952791901950135 -0.7574047021896249 -0.6004577847429162 0.6767122780019728 0.4268846124423588 16.019431706571545 61.039931985378 -23.717430935881037 -207.012
0.8596035981130825 -0.4752865775309341 0.1867989694874834 -0.3245478400538523 -0.22562683983867585 0.9182122566028348 -0.3939388337888047 -0.8504760110637404 -0.348446120155948 54.82430706586784 20.130669911623727 65.78524741368814 -300.943
-0.4941819406091859 0.08913616368472786 -0.8650597233690944 -0.6611600360086461 0.6079239873882444 0.43978770417923135 0.5650834183083783 0.7888632014916498 -0.2408917104944517 64.1161541861284 8.638780742303485 -16.79761121296744 -402.31199999999995
0.7306291701189168 -0.4609968456917848 -0.5036653021666908 -0.6718781804921677 -0.6168312022777783 -0.4097889040488055 -0.1222919807604328 0.6374535048681877 -0.7607186868964253 66.2663440751371 60.961967689725554 15.486877226479663 -180.22400000000002
-0.4370547860837212 0.4531821432940597 -0.7770589479697589 -0.08811512708910699 -0.8811373541236514 -0.4649531599203123 -0.8945668003590421 -0.13486121251586394 0.4250204583559984 15.973266617930785 60.86287469873182 15.713350088711286 -331.069
0.8072413519605125 -0.5905013236130953 -0.012431225349737764 -0.43373040113353023 -0.6072095438155529 0.6662592374260999 -0.4011319260310777 -0.5319683470071319 -0.7458284282660418 62.79271844676162 41.339671457917454 60.05544314702949 -59.114
-0.07965862556749287 0.2430621130708676 0.9664130970680868 -0.2130142659911501 0.9434056200888083 -0.2541898881540113 -0.9736855409201954 -0.2256047156121277 -0.02322234491528148 -5.077978850613995 -4.003026752942159 26.306463557299015 -562.5419999999998
0.8073788761779757 0.4954703153356701 -0.3209872133586192 -0.4201154412222472 0.10031684494332788 -0.9016332024421976 -0.4143014362276892 0.8631346509641766 0.28839510215801417 18.32944864888172 35.23664627430725 -20.084492705089435 -771.275
0.6860016116574557 0.4927779554267334 -0.5354762459091603 -0.4451176858729916 0.8660090593799686 0.2269934647945993 0.5754112702883054 0.08265772753938122 0.8139029164184851 20.63444233274861 -4.823516641252983 -29.890722254932538 -137.158
0.9858919696098042 0.031321336292889336 -0.16343085655705852 -0.1600998128864589 0.45124227284885204 -0.8778881197030484 0.04682792331271871 0.8919035642768446 0.4499693781774516 42.36061495165385 35.209786283152226 -22.76968584814089 -270.42
-0.5705154081674156 -0.5084053921438398 0.6452050578811307 0.7848853719529956 -0.10492109866606074 0.6110339451545124 -0.2430371818563644 0.8549228765015349 0.4589209047915847 41.939567949842356 24.748856422620953 -21.102260564066526 -540.689
-0.5410930505234194 0.3762082714310546 -0.751955803442712 -0.8406261534167969 -0.2796189158211295 0.4639235547235352 -0.035761151906498916 0.8835707216815831 0.4674621954037832 63.945372726978036 41.23807398921118 -34.771846863114554 -373.81800000000004
-0.7769483390911391 -0.4506710904314356 0.4385382332507196 -0.15694571327164333 -0.5367777564267104 -0.829474806500528 0.6092485857372364 -0.7132503143353729 0.3460627734384957 43.126496181124246 71.51510932960713 42.25863018506646 -369.57099999999997
-0.7618295175116325 0.12578930097043292 -0.6351671228278214 -0.3818374969165385 0.7046402707772064 0.5985963944739202 0.5233763764874017 0.6980660555458729 -0.4879632014690211 74.00931541167239 -4.418262986732898 -2.6209120541103346 -638.096
0.7133307914478308 -0.6451651962812814 0.2750716717170552 -0.3894704444163508 -0.03713415151548309 0.9204395571088898 -0.5830727088748029 -0.7633805072798701 -0.2772505971059477 58.70219781434603 10.497321309620947 60.2848043186602 -186.157
-0.20173875057331936 -0.8147083554787508 -0.5433805939274305 0.20236096336341666 -0.5780384295943704 0.7903865811481691 -0.9578866687069936 0.04948310076754664 0.2810827664314556 72.43835214739312 49.077607119655816 9.705472519694778 -573.17
0.2525407395245381 0.052037973267395066 -0.9661087052988444 -0.7898581134029978 0.5866860299805124 -0.1751487724669111 0.5585265713344362 0.8076836513128092 0.1894253222257174 69.27731811097338 21.36486532404193 -26.92435903926961 -135.563
-0.8506393191163215 -0.34502725479571994 0.3961761983018624 -0.2184615961893928 -0.4533723701014031 -0.8644450475523829 0.4782383296689 -0.8220781857726795 0.3100946684706353 39.56462146267012 67.02688035698125 48.64988838086929 -525.701
0.24411173220764604 -0.2813060612784738 0.9283104408985228 0.2624451347188728 0.9406986388525104 0.2160543245047669 -0.9337581021425548 0.1899284387618552 0.3032824314466647 29.66217440875233 -5.22407516423781 1.6787075202494588 -720.635
-0.6928095047846454 -0.4206019010655941 0.5853183327118422 0.6636538577220592 -0.05524229925857275 0.7457885166470483 -0.2812872354718521 0.906303453225422 0.3171803210547905 40.073366973430964 20.170847144784073 -21.492275701884278 -646.521
0.02842582852795285 -0.8950739991721379 -0.4455376684057781 -0.690095867909708 -0.3401044160950172 0.6385581927986806 -0.7230762881316626 0.28887030672550035 -0.6269636635407094 75.02017077341898 30.731204642604713 16.323189710624593 -77.298
-0.1764051477264331 0.947213639104272 0.2694459134030295 0.8101050886212077 -0.015756386339463694 0.5863109088795837 0.5584148212387346 0.32175985497330484 -0.7639763926049538 -9.96210085723935 23.41186442716505 22.137535646916408 -405.32599999999996
-0.5582873006952063 -0.4571339053881549 0.6929277782768625 0.8289065412472086 -0.3375740365816199 0.4449365722022791 0.029741415978345155 0.8229630968991597 0.5672771176925246 27.062339675621942 12.80732966451879 -39.72888864596729 -252.24
-0.4034460452716526 0.5603621540267864 -0.7238214709084176 -0.3452923728334483 -0.8251796037325089 -0.4465676816158776 -0.8474131304499254 0.0698981259272128 0.52698801320063 11.407912891087053 63.4274150086773 7.451842273992263 -350.06
0.6737193930544829 0.7157338012752277 0.18433682758495096 -0.23756460383648195 0.4463642196329778 -0.8625184683274428 -0.6991810985609448 0.5373535237160326 0.4705126516098621 -1.1058766623116014 25.44967995233489 -12.441818770775932 -700.971
0.3612042617995179 0.9309182454010696 0.04731799739196192 -0.8678747357233295 0.31719535744566024 0.38291318277535735 0.34150516436322936 -0.17979673857809852 0.9230043916661088 -7.361325236199192 21.50302395443203 3.1237095228469487 -530.455
-0.09705273444359602 -0.2656301861399048 -0.9589325075532832 -0.4019910738435299 -0.8708041962938736 0.2827143459905883 -0.910341169953622 0.4130775064718335 -0.02201298886060157 53.2095504050242 54.22831709968631 3.2370076559786973 -327.86300000000006
-0.6320812872169661 -0.7440812277212524 0.21418287955047144 0.5550210412712588 -0.2435417586514117 0.7951914081726204 -0.5405235434141176 0.6215026946619538 0.5671370614419531 56.40248304184126 24.672559495502195 -15.38075440515792 -838.428
0.8285758507800994 0.2477865911502811 0.5016842086696524 0.5264404687940785 -0.041848477596311724 -0.8495658683736618 -0.18912055177305528 0.9681250136485676 -0.16497323237400233 -18.738877483914003 50.154350626489936 -5.336468670245232 -557.654
-0.2322632411847255 0.09633206762101557 -0.9677465948144058 -0.9569594732361774 -0.2005295949960804 0.20950800419681345 -0.17349945857494495 0.9751810207759336 0.13931333981952598 75.17096532475655 53.253903016998756 -19.99122135757648 -590.621
-0.7934532227934747 -0.6092266506561483 0.0002599217691253127 0.3273176612265125 -0.4266621318428221 -0.8431062039268299 0.5131104918895261 -0.6687894920579838 0.5370582324440836 46.586702508379744 64.97636844802953 36.75115096754814 -690.6389999999999
0.7964280295447198 -0.5996604277688663 -0.07484795312021181 0.034270180367845834 -0.07742931508715921 0.9964616874533488 -0.6034249404371904 -0.7960750055581339 -0.0407533699415748 65.85367581646977 3.2521279198816693 53.29748114185237 -225.58599999999998
0.6928997866444553 -0.3949638190484134 0.6037751020511236 0.2678041123100645 -0.6369995190531209 -0.7228683775956246 0.6700388770511716 0.6627880562982111 -0.3351878099671006 42.540644822377466 68.17216429999402 1.5801243088945576 -139.862
-0.44828788283151816 0.08487635243694472 -0.8901742102777256 -0.3774106408631869 0.8846431615505489 0.27481758025119873 0.8103857849059796 0.4596848134487959 -0.3643234670408879 63.71379481705291 -0.2369796507656545 -8.479602373546271 -373.914
0.9703397820149164 -0.2358891758693579 0.04967617986035544 -0.09811192791465503 -0.19856252179725012 0.9749343245984252 -0.2209610163986995 -0.9512538878426644 -0.21583694923684932 40.88885942427669 13.144979922596026 62.93768933176132 -478.04400000000004
-0.3479927682481613 0.936971185156772 -0.04239019797697194 0.6592177141832462 0.2775980338773784 0.6984115859507938 0.6665498542556967 0.2150554755719185 -0.7144523289000755 -4.35208887599854 3.998075809363716 25.726036880783177 -401.4
0.02791930730310976 -0.15550429585344008 0.9873659502682568 -0.4366927896204483 0.8870051488801285 0.15164171237115762 -0.8987966557706718 -0.4354470253729965 -0.04247270410230436 19.158134694971398 -0.03547105425473518 28.639719630281572 -748.6519999999997
0.5880712496424012 -0.4881693359449264 0.6448022187079951 -0.4507559745935692 0.4638135990776794 0.7627187704205378 -0.6718166194326153 -0.7395435112897999 0.05279111882356068 47.64064522409154 -1.7893439083130789 53.22602748082862 -239.574
-0.595549618622684 -0.7336510482034225 0.326777548525535 0.1838468543850029 0.2711432935425013 0.944513118352212 -0.7821663738876032 0.6226806182928912 -0.026878503123942115 55.15070021483345 -21.56187833212036 13.258291860126414 -424.504
-0.08207516296070698 -0.9834850292758708 -0.16054442513292835 0.00313939802929892 -0.16165081829583766 0.986640487226491 -0.9965097514094956 0.08050404780860462 0.016354574159523308 63.66645088524257 23.492989654888763 11.786656937130749 -834.405
-0.4573720863757952 0.03552581900752135 -0.8889465792299006 -0.821041976253699 0.3670039713025417 0.43743842142486095 0.34167750070516945 0.9300923638996011 -0.13831534958197644 82.82929069663629 16.343849644023017 -14.883461126748195 -246.18099999999998
0.12097149765596195 0.5679446714134709 0.8137361435999052 0.2354332676969484 0.7803189340629659 -0.5801468067665853 -0.9648709645147054 0.26195314113398344 -0.038678539999382984 -9.053323357917904 8.447971277827456 7.957364297969117 -550.8009999999998
-0.3057103389945073 -0.8112628374036202 0.4981238543397241 0.6565593591468809 0.19875159161037068 0.7272000393460958 -0.6890706418132674 0.5499660835217931 0.4716503960649221 52.7891620294684 2.2951438537115187 -14.238923891922884 -790.4989999999997
0.3742971013107893 -0.6884481367029094 0.6218926567159929 -0.6420341813223153 0.2916370198759752 0.7088665493272962 -0.6695282294169995 -0.6647139344352484 -0.3327594864480397 38.17817799697364 10.187937699971457 47.50380454314372 -372.99699999999996
-0.06183269522576405 0.9955853501176768 0.06832088944618174 -0.9363230220789964 -0.034158681123032865 -0.3491623582613105 -0.34588513036623786 -0.08580234625531102 0.9344208093082406 -18.022908638341487 37.53296408360699 5.5760381131478916 -915.382
-0.58488762192727 -0.5395539771289195 -0.6062562682545408 -0.02153138997768133 -0.7362618266016568 0.6758568502780118 -0.8106424953227951 0.4080294111288304 0.4196516376478279 60.51197137183674 53.43168956145589 -7.086756650342295 -730.451
0.007282968770948302 0.9877263975094114 0.1547686552032583 -0.9265004747410258 0.06452296128281408 -0.37172803326485904 -0.377324773151558 -0.1398641726728486 0.915261242062174 -19.188104282961767 29.906550725275327 10.135140857726617 -831.422
-0.7442145493454122 -0.5280280982357167 0.4085972919033477 -0.2243595331152224 -0.3780490638482046 -0.8981454730958214 0.6289298113105689 -0.7599882433642916 0.16221856194541354 47.32129681453465 61.801195882967384 49.37491932022906 -472.469
-0.23634003569051004 0.7070877869358125 -0.6661209269084978 -0.8512822681792057 0.17891098030052174 0.4928501938376187 0.4674849732320665 0.6836707586723246 0.5601716708429705 38.010055143381905 19.49099985671191 -41.37379057337088 -308.9840000000001
0.5371162990514606 0.3853287769752589 -0.7497357911572932 -0.5485755812445808 -0.5147943702622115 -0.6579411958594656 -0.6405860564438617 0.7649183588598292 -0.06441612961183814 31.944453766458093 64.00192718547883 -9.605258941075027 -229.093
-0.5721069958665511 -0.6588442976411922 0.4887494637945838 0.7106274979929308 -0.09906769777134378 0.6965189002757906 -0.4101403247844872 0.7458746977926303 0.5243969483877302 39.94963991339283 -2.3424629100816894 -30.097031886246523 -379.851
-0.15174045111360454 -0.8354952473772599 0.528680226463546 0.8655410228406494 0.1462409792894297 0.4795200071145378 -0.4780167470233881 0.5296748248913458 0.7004578440042706 58.76845172905698 10.57446667686666 -14.000055311278427 -497.905
-0.8572257883329183 0.4042743360302635 -0.3199208473753876 -0.4253086152713708 -0.20422547597534105 0.8819714325763496 0.2917632020424137 0.8916812764394422 0.3468047354030974 44.684393337591494 2.125105648236712 -35.018523576639645 -371.408
0.19545560310913654 0.6329492434856565 0.7492407389129548 0.611074196937691 0.5183560727789844 -0.5976608417693076 -0.7673639231600788 0.5744628262832294 -0.285290332913878 -10.341164827848317 16.897378872343467 -0.7703744365088259 -175.21099999999996
0.8443532814416441 -0.2716574754318836 -0.4626106587336618 0.2925502639813921 -0.4908224752844162 0.8205569218337384 -0.4499115381284417 -0.8278529836363095 -0.33463884227762514 58.195152478290694 25.41450490543968 61.77801169636609 -376.694
0.8162691102368491 0.40675724340692987 0.4102188072913466 0.5760222347638765 -0.5242206354036917 -0.6268661892595866 -0.039631825871795284 0.7483478017612323 -0.6623138168334911 -21.483879414268813 49.35369481450543 16.646273980612985 -646.203
-0.7819588140221749 0.40490929363845307 -0.4751688558173501 -0.4088042060942145 0.2426884864311985 0.8795752731452541 0.471468993230321 0.881461199804641 -0.023986156959522442 59.04731337404485 -2.0657020815321587 -27.014588471131344 -484.60400000000004
